0 0.92 0.210526315789474 0.807017543859649 0.506493506493506 0.583333333333333 0
0 0.96 0.763157894736842 0.754385964912281 0.532467532467533 0.583333333333333 0.5
0 0.92 0.210526315789474 0.789473684210526 0.285714285714286 0.583333333333333 0.125
0 0.96 0.210526315789474 0.719298245614035 0.298701298701299 0.583333333333333 0.625
0 0.92 0.210526315789474 0.789473684210526 0.285714285714286 0.583333333333333 0.125
0 0.96 0.210526315789474 0.719298245614035 0.298701298701299 0.583333333333333 0.625
0 0.92 0.210526315789474 0.789473684210526 0.285714285714286 0.583333333333333 0.125
0 0.96 0.210526315789474 0.719298245614035 0.298701298701299 0.583333333333333 0.625
0 0.96 0.210526315789474 0.719298245614035 0.298701298701299 0.583333333333333 0.625
0 0.96 0.210526315789474 0.719298245614035 0.298701298701299 0.583333333333333 0.625
0 0.92 0.0789473684210526 0.771929824561403 0.545454545454545 1 0
0 0.84 0.763157894736842 0.912280701754386 0.532467532467533 0.166666666666667 0.5
0.0122448979591837 0.88 0.0263157894736842 0.894736842105263 0.207792207792208 0.0833333333333333 0.125
0 0.84 0.763157894736842 0.912280701754386 0.532467532467533 0.166666666666667 0.5
0.036734693877551 0.88 0.0526315789473684 0.912280701754386 0.103896103896104 0.958333333333333 0.625
0.0122448979591837 0.88 0.0263157894736842 0.894736842105263 0.207792207792208 0.0833333333333333 0.125
0.036734693877551 0.88 0.0526315789473684 0.912280701754386 0.103896103896104 0.958333333333333 0.625
0.0122448979591837 0.88 0.0263157894736842 0.894736842105263 0.207792207792208 0.0833333333333333 0.125
0.036734693877551 0.88 0.0526315789473684 0.912280701754386 0.103896103896104 0.958333333333333 0.625
0.036734693877551 0.88 0.0526315789473684 0.912280701754386 0.103896103896104 0.958333333333333 0.625
0.036734693877551 0.88 0.0526315789473684 0.912280701754386 0.103896103896104 0.958333333333333 0.625
0 0.92 0.184210526315789 0.87719298245614 0.467532467532468 0.0833333333333333 0
0 0.92 0.763157894736842 0.824561403508772 0.532467532467533 0.0833333333333333 0.5
0 0.96 0.157894736842105 0.736842105263158 0.246753246753247 0.958333333333333 0.125
0 0.92 0.763157894736842 0.824561403508772 0.532467532467533 0.0833333333333333 0.5
0 0.92 0.157894736842105 0.807017543859649 0.181818181818182 0.958333333333333 0.125
0 0.96 0.157894736842105 0.736842105263158 0.246753246753247 0.958333333333333 0.125
0 0.92 0.157894736842105 0.807017543859649 0.181818181818182 0.958333333333333 0.125
0 0.96 0.157894736842105 0.736842105263158 0.246753246753247 0.958333333333333 0.125
0 0.92 0.157894736842105 0.807017543859649 0.181818181818182 0.958333333333333 0.125
0 0.92 0.157894736842105 0.807017543859649 0.181818181818182 0.958333333333333 0.125
0 0.92 0.157894736842105 0.807017543859649 0.181818181818182 0.958333333333333 0.125
0 0.92 0.263157894736842 0.894736842105263 0.0779220779220779 0.0416666666666667 0
0 1 0.763157894736842 0.736842105263158 0.532467532467533 0.0416666666666667 0.5
0 0.92 0.236842105263158 0.87719298245614 0 0.166666666666667 0.125
0 1 0.763157894736842 0.736842105263158 0.532467532467533 0.0416666666666667 0.5
0 1 0.236842105263158 0.719298245614035 0.0779220779220779 0.541666666666667 0.125
0 0.92 0.236842105263158 0.87719298245614 0 0.166666666666667 0.125
0 1 0.236842105263158 0.719298245614035 0.0779220779220779 0.541666666666667 0.125
0 0.92 0.236842105263158 0.87719298245614 0 0.166666666666667 0.125
0 1 0.236842105263158 0.719298245614035 0.0779220779220779 0.541666666666667 0.125
0 1 0.236842105263158 0.719298245614035 0.0779220779220779 0.541666666666667 0.125
0 1 0.236842105263158 0.719298245614035 0.0779220779220779 0.541666666666667 0.125
0 0.96 0.289473684210526 0.912280701754386 0.220779220779221 0.0416666666666667 0
0 1 0.763157894736842 0.754385964912281 0.532467532467533 1 0.5
0 0.96 0.289473684210526 0.824561403508772 0.0779220779220779 0.0416666666666667 0.125
0 1 0.763157894736842 0.754385964912281 0.532467532467533 1 0.5
0 1 0.289473684210526 0.754385964912281 0.0649350649350649 1 0
0 0.96 0.289473684210526 0.824561403508772 0.0779220779220779 0.0416666666666667 0.125
0 1 0.289473684210526 0.754385964912281 0.0649350649350649 1 0
0 1 0.289473684210526 0.754385964912281 0.0649350649350649 1 0
0 1 0.289473684210526 0.754385964912281 0.0649350649350649 1 0
0 1 0.289473684210526 0.754385964912281 0.0649350649350649 1 0
0 0.96 0.289473684210526 0.87719298245614 0.311688311688312 0.0416666666666667 0
0 1 0.763157894736842 0.771929824561403 0.532467532467533 0.583333333333333 0.5
0 0.96 0.289473684210526 0.807017543859649 0.103896103896104 0.125 0
0 1 0.763157894736842 0.771929824561403 0.532467532467533 0.583333333333333 0.5
0 1 0.289473684210526 0.771929824561403 0.0909090909090909 0.583333333333333 0
0 0.96 0.289473684210526 0.807017543859649 0.103896103896104 0.125 0
0 1 0.289473684210526 0.771929824561403 0.0909090909090909 0.583333333333333 0
0 0.96 0.289473684210526 0.807017543859649 0.103896103896104 0.125 0
0 1 0.289473684210526 0.771929824561403 0.0909090909090909 0.583333333333333 0
0 1 0.289473684210526 0.771929824561403 0.0909090909090909 0.583333333333333 0
0 1 0.289473684210526 0.771929824561403 0.0909090909090909 0.583333333333333 0
0 0.96 0.263157894736842 0.807017543859649 0.363636363636364 0.0416666666666667 0
0 0.96 0.763157894736842 0.771929824561403 0.532467532467533 1 0.5
0 0.96 0.289473684210526 0.824561403508772 0.155844155844156 0.0416666666666667 0
0 0.96 0.763157894736842 0.771929824561403 0.532467532467533 1 0.5
0 0.96 0.289473684210526 0.771929824561403 0.0779220779220779 0.583333333333333 0.125
0 0.96 0.289473684210526 0.824561403508772 0.155844155844156 0.0416666666666667 0
0 0.96 0.289473684210526 0.771929824561403 0.0779220779220779 0.583333333333333 0.125
0 0.96 0.289473684210526 0.824561403508772 0.155844155844156 0.0416666666666667 0
0 0.96 0.289473684210526 0.771929824561403 0.0779220779220779 0.583333333333333 0.125
0 0.96 0.289473684210526 0.771929824561403 0.0779220779220779 0.583333333333333 0.125
0 0.96 0.289473684210526 0.771929824561403 0.0779220779220779 0.583333333333333 0.125
0 0.96 0.236842105263158 0.789473684210526 0.376623376623377 0.0416666666666667 0
0 1 0.763157894736842 0.684210526315789 0.532467532467533 0.583333333333333 0.5
0 0.96 0.263157894736842 0.771929824561403 0.246753246753247 0.0416666666666667 0
0 1 0.763157894736842 0.684210526315789 0.532467532467533 0.583333333333333 0.5
0 1 0.263157894736842 0.701754385964912 0.103896103896104 0.583333333333333 0.125
0 0.96 0.263157894736842 0.771929824561403 0.246753246753247 0.0416666666666667 0
0 1 0.263157894736842 0.701754385964912 0.103896103896104 0.583333333333333 0.125
0 0.96 0.263157894736842 0.771929824561403 0.246753246753247 0.0416666666666667 0
0 1 0.263157894736842 0.701754385964912 0.103896103896104 0.583333333333333 0.125
0 1 0.263157894736842 0.701754385964912 0.103896103896104 0.583333333333333 0.125
0 1 0.263157894736842 0.701754385964912 0.103896103896104 0.583333333333333 0.125
0 0.88 0.289473684210526 0.947368421052632 0.155844155844156 0.0833333333333333 0.5
0 0.88 0.763157894736842 0.947368421052632 0.532467532467533 1 0.5
0 0.88 0.289473684210526 0.894736842105263 0.103896103896104 0.541666666666667 0.5
0 0.88 0.763157894736842 0.947368421052632 0.532467532467533 1 0.5
0 0.88 0.289473684210526 0.947368421052632 0.038961038961039 1 0.5
0 0.88 0.289473684210526 0.894736842105263 0.103896103896104 0.541666666666667 0.5
0 0.88 0.289473684210526 0.947368421052632 0.038961038961039 1 0.5
0 0.88 0.289473684210526 0.894736842105263 0.103896103896104 0.541666666666667 0.5
0 0.88 0.289473684210526 0.947368421052632 0.038961038961039 1 0.5
0 0.88 0.289473684210526 0.947368421052632 0.038961038961039 1 0.5
0 0.88 0.289473684210526 0.947368421052632 0.038961038961039 1 0.5
0 0.88 0.289473684210526 0.912280701754386 0.25974025974026 0.0833333333333333 0.5
0 0.88 0.763157894736842 0.842105263157895 0.532467532467533 0.166666666666667 0.5
0 0.88 0.263157894736842 0.912280701754386 0 0.166666666666667 0.5
0 0.88 0.763157894736842 0.842105263157895 0.532467532467533 0.166666666666667 0.5
0 0.88 0.263157894736842 0.824561403508772 0.012987012987013 0.375 0.5
0 0.88 0.263157894736842 0.912280701754386 0 0.166666666666667 0.5
0 0.88 0.263157894736842 0.824561403508772 0.012987012987013 0.375 0.5
0 0.88 0.263157894736842 0.912280701754386 0 0.166666666666667 0.5
0 0.88 0.263157894736842 0.824561403508772 0.012987012987013 0.375 0.5
0 0.88 0.263157894736842 0.824561403508772 0.012987012987013 0.375 0.5
0 0.88 0.263157894736842 0.824561403508772 0.012987012987013 0.375 0.5
0 0.8 0.315789473684211 0.87719298245614 0.025974025974026 0.0833333333333333 0.25
0 0.84 0.763157894736842 0.719298245614035 0.532467532467533 1 0.25
0 0.84 0.315789473684211 0.807017543859649 0.038961038961039 0.541666666666667 0.25
0 0.84 0.763157894736842 0.719298245614035 0.532467532467533 1 0.25
0 0.88 0.315789473684211 0.719298245614035 0.051948051948052 1 0.25
0 0.84 0.315789473684211 0.807017543859649 0.038961038961039 0.541666666666667 0.25
0 0.88 0.315789473684211 0.719298245614035 0.051948051948052 1 0.25
0 0.84 0.315789473684211 0.807017543859649 0.038961038961039 0.541666666666667 0.25
0 0.88 0.315789473684211 0.719298245614035 0.051948051948052 1 0.25
0 0.88 0.315789473684211 0.719298245614035 0.051948051948052 1 0.25
0 0.88 0.315789473684211 0.719298245614035 0.051948051948052 1 0.25
0 0.84 0.342105263157895 0.771929824561403 0.0909090909090909 0.541666666666667 0.25
0 0.88 0.763157894736842 0.578947368421053 0.532467532467533 0.0416666666666667 0.25
0 0.84 0.342105263157895 0.754385964912281 0 0.166666666666667 0.25
0 0.88 0.763157894736842 0.578947368421053 0.532467532467533 0.0416666666666667 0.25
0 0.88 0.342105263157895 0.596491228070175 0.0779220779220779 1 0.25
0 0.84 0.342105263157895 0.754385964912281 0 0.166666666666667 0.25
0 0.88 0.342105263157895 0.596491228070175 0.0779220779220779 1 0.25
0 0.84 0.342105263157895 0.754385964912281 0 0.166666666666667 0.25
0 0.88 0.342105263157895 0.596491228070175 0.0779220779220779 1 0.25
0 0.88 0.342105263157895 0.596491228070175 0.0779220779220779 1 0.25
0 0.88 0.342105263157895 0.596491228070175 0.0779220779220779 1 0.25
0 0.84 0.342105263157895 0.807017543859649 0.220779220779221 0.0416666666666667 0.5
0 0.88 0.763157894736842 0.736842105263158 0.532467532467533 0.166666666666667 0.5
0 0.88 0.342105263157895 0.771929824561403 0.103896103896104 0.0416666666666667 0.5
0 0.88 0.763157894736842 0.736842105263158 0.532467532467533 0.166666666666667 0.5
0 0.88 0.342105263157895 0.719298245614035 0.051948051948052 1 0.5
0 0.88 0.342105263157895 0.771929824561403 0.103896103896104 0.0416666666666667 0.5
0 0.88 0.342105263157895 0.719298245614035 0.051948051948052 1 0.5
0 0.88 0.342105263157895 0.771929824561403 0.103896103896104 0.0416666666666667 0.5
0 0.88 0.342105263157895 0.719298245614035 0.051948051948052 1 0.5
0 0.88 0.342105263157895 0.719298245614035 0.051948051948052 1 0.5
0 0.88 0.342105263157895 0.719298245614035 0.051948051948052 1 0.5
0 0.88 0.315789473684211 0.894736842105263 0.233766233766234 0.0416666666666667 0.625
0 0.96 0.763157894736842 0.807017543859649 0.532467532467533 1 0.625
0 0.92 0.315789473684211 0.859649122807018 0.116883116883117 0.541666666666667 0.5
0 0.96 0.763157894736842 0.807017543859649 0.532467532467533 1 0.625
0 0.96 0.315789473684211 0.789473684210526 0.0649350649350649 0.583333333333333 0.625
0 0.92 0.315789473684211 0.859649122807018 0.116883116883117 0.541666666666667 0.5
0 0.96 0.315789473684211 0.789473684210526 0.0649350649350649 0.583333333333333 0.625
0 0.92 0.315789473684211 0.859649122807018 0.116883116883117 0.541666666666667 0.5
0 0.96 0.315789473684211 0.789473684210526 0.0649350649350649 0.583333333333333 0.625
0 0.96 0.315789473684211 0.789473684210526 0.0649350649350649 0.583333333333333 0.625
0 0.96 0.315789473684211 0.789473684210526 0.0649350649350649 0.583333333333333 0.625
0 0.8 0.447368421052632 0.859649122807018 0.155844155844156 1 0.5
0 0.84 0.763157894736842 0.842105263157895 0.532467532467533 0.166666666666667 0.5
0 0.84 0.447368421052632 0.824561403508772 0 0.166666666666667 0.5
0 0.84 0.763157894736842 0.842105263157895 0.532467532467533 0.166666666666667 0.5
0 0.84 0.447368421052632 0.842105263157895 0.103896103896104 1 0.5
0 0.84 0.447368421052632 0.824561403508772 0 0.166666666666667 0.5
0 0.84 0.447368421052632 0.842105263157895 0.103896103896104 1 0.5
0 0.84 0.447368421052632 0.824561403508772 0 0.166666666666667 0.5
0 0.84 0.447368421052632 0.842105263157895 0.103896103896104 1 0.5
0 0.84 0.447368421052632 0.842105263157895 0.103896103896104 1 0.5
0 0.84 0.447368421052632 0.842105263157895 0.103896103896104 1 0.5
0 0.8 0.473684210526316 0.912280701754386 0.103896103896104 0.0416666666666667 0.25
0 0.84 0.763157894736842 0.807017543859649 0.532467532467533 0.0833333333333333 0.25
0 0.8 0.473684210526316 0.87719298245614 0 0.166666666666667 0.25
0 0.84 0.763157894736842 0.807017543859649 0.532467532467533 0.0833333333333333 0.25
0 0.84 0.473684210526316 0.807017543859649 0.051948051948052 0.541666666666667 0.25
0 0.8 0.473684210526316 0.87719298245614 0 0.166666666666667 0.25
0 0.84 0.473684210526316 0.807017543859649 0.051948051948052 0.541666666666667 0.25
0 0.8 0.473684210526316 0.87719298245614 0 0.166666666666667 0.25
0 0.84 0.473684210526316 0.807017543859649 0.051948051948052 0.541666666666667 0.25
0 0.84 0.473684210526316 0.807017543859649 0.051948051948052 0.541666666666667 0.25
0 0.84 0.473684210526316 0.807017543859649 0.051948051948052 0.541666666666667 0.25
0 0.8 0.394736842105263 0.912280701754386 0.324675324675325 0.583333333333333 0.75
0.0244897959183673 0.8 0.394736842105263 0.859649122807018 0.12987012987013 0.541666666666667 0.625
0.0163265306122449 0.84 0.394736842105263 0.859649122807018 0.0779220779220779 0.583333333333333 0.625
0.0244897959183673 0.8 0.394736842105263 0.859649122807018 0.12987012987013 0.541666666666667 0.625
0.0163265306122449 0.84 0.394736842105263 0.859649122807018 0.0779220779220779 0.583333333333333 0.625
0.0244897959183673 0.8 0.394736842105263 0.859649122807018 0.12987012987013 0.541666666666667 0.625
0.0163265306122449 0.84 0.394736842105263 0.859649122807018 0.0779220779220779 0.583333333333333 0.625
0.0163265306122449 0.84 0.394736842105263 0.859649122807018 0.0779220779220779 0.583333333333333 0.625
0.0163265306122449 0.84 0.394736842105263 0.859649122807018 0.0779220779220779 0.583333333333333 0.625
0 0.76 0.447368421052632 0.894736842105263 0.12987012987013 0.958333333333333 0.5
0 0.8 0.447368421052632 0.87719298245614 0.0649350649350649 0.958333333333333 0.5
0 0.8 0.447368421052632 0.859649122807018 0.103896103896104 0.958333333333333 0.5
0 0.8 0.447368421052632 0.87719298245614 0.0649350649350649 0.958333333333333 0.5
0 0.8 0.447368421052632 0.859649122807018 0.103896103896104 0.958333333333333 0.5
0 0.8 0.447368421052632 0.87719298245614 0.0649350649350649 0.958333333333333 0.5
0 0.8 0.447368421052632 0.859649122807018 0.103896103896104 0.958333333333333 0.5
0 0.8 0.447368421052632 0.859649122807018 0.103896103896104 0.958333333333333 0.5
0 0.8 0.447368421052632 0.859649122807018 0.103896103896104 0.958333333333333 0.5
0 0.72 0.473684210526316 0.947368421052632 0.103896103896104 0.166666666666667 0.75
0 0.76 0.763157894736842 0.947368421052632 0.532467532467533 0.166666666666667 0.75
0.0653061224489796 0.76 0.473684210526316 0.929824561403509 0.168831168831169 0.583333333333333 0.75
0 0.76 0.763157894736842 0.947368421052632 0.532467532467533 0.166666666666667 0.75
0.036734693877551 0.76 0.473684210526316 0.947368421052632 0.0909090909090909 0.583333333333333 0.75
0.0653061224489796 0.76 0.473684210526316 0.929824561403509 0.168831168831169 0.583333333333333 0.75
0.036734693877551 0.76 0.473684210526316 0.947368421052632 0.0909090909090909 0.583333333333333 0.75
0.0653061224489796 0.76 0.473684210526316 0.929824561403509 0.168831168831169 0.583333333333333 0.75
0.036734693877551 0.76 0.473684210526316 0.947368421052632 0.0909090909090909 0.583333333333333 0.75
0.036734693877551 0.76 0.473684210526316 0.947368421052632 0.0909090909090909 0.583333333333333 0.75
0.036734693877551 0.76 0.473684210526316 0.947368421052632 0.0909090909090909 0.583333333333333 0.75
0 0.76 0.473684210526316 0.964912280701754 0 0.166666666666667 0.5
0 0.76 0.763157894736842 0.929824561403509 0.532467532467533 0.0416666666666667 0.5
0 0.76 0.473684210526316 0.964912280701754 0.051948051948052 0.166666666666667 0.625
0 0.76 0.763157894736842 0.929824561403509 0.532467532467533 0.0416666666666667 0.5
0 0.76 0.473684210526316 0.929824561403509 0.038961038961039 0.583333333333333 0.75
0 0.76 0.473684210526316 0.964912280701754 0.051948051948052 0.166666666666667 0.625
0 0.76 0.473684210526316 0.929824561403509 0.038961038961039 0.583333333333333 0.75
0 0.76 0.473684210526316 0.964912280701754 0.051948051948052 0.166666666666667 0.625
0 0.76 0.473684210526316 0.929824561403509 0.038961038961039 0.583333333333333 0.75
0 0.76 0.473684210526316 0.929824561403509 0.038961038961039 0.583333333333333 0.75
0 0.76 0.473684210526316 0.929824561403509 0.038961038961039 0.583333333333333 0.75
0 0.68 0.473684210526316 0.982456140350877 0 0.166666666666667 0.5
0 0.72 0.763157894736842 0.947368421052632 0.532467532467533 0.0833333333333333 0.5
0 0.68 0.473684210526316 0.964912280701754 0.012987012987013 0.166666666666667 0.5
0 0.72 0.763157894736842 0.947368421052632 0.532467532467533 0.0833333333333333 0.5
0 0.72 0.473684210526316 0.947368421052632 0.0649350649350649 1 0.5
0 0.68 0.473684210526316 0.964912280701754 0.012987012987013 0.166666666666667 0.5
0 0.72 0.473684210526316 0.947368421052632 0.0649350649350649 1 0.5
0 0.68 0.473684210526316 0.964912280701754 0.012987012987013 0.166666666666667 0.5
0 0.72 0.473684210526316 0.947368421052632 0.0649350649350649 1 0.5
0 0.72 0.473684210526316 0.947368421052632 0.0649350649350649 1 0.5
0 0.72 0.473684210526316 0.947368421052632 0.0649350649350649 1 0.5
0 0.76 0.5 0.947368421052632 0.25974025974026 0.0416666666666667 0
0 0.84 0.763157894736842 0.87719298245614 0.532467532467533 0.0416666666666667 0
0 0.8 0.5 0.912280701754386 0.038961038961039 0.0416666666666667 0
0 0.84 0.763157894736842 0.87719298245614 0.532467532467533 0.0416666666666667 0
0 0.84 0.5 0.87719298245614 0.0649350649350649 0.583333333333333 0.125
0 0.8 0.5 0.912280701754386 0.038961038961039 0.0416666666666667 0
0 0.84 0.5 0.87719298245614 0.0649350649350649 0.583333333333333 0.125
0 0.8 0.5 0.912280701754386 0.038961038961039 0.0416666666666667 0
0 0.84 0.5 0.87719298245614 0.0649350649350649 0.583333333333333 0.125
0 0.84 0.5 0.87719298245614 0.0649350649350649 0.583333333333333 0.125
0 0.84 0.5 0.87719298245614 0.0649350649350649 0.583333333333333 0.125
0 0.88 0.421052631578947 0.947368421052632 0.051948051948052 0.0416666666666667 0.125
0 0.92 0.763157894736842 0.859649122807018 0.532467532467533 0.583333333333333 0.25
0 0.88 0.421052631578947 0.947368421052632 0.051948051948052 0.583333333333333 0.25
0 0.92 0.763157894736842 0.859649122807018 0.532467532467533 0.583333333333333 0.25
0 0.92 0.421052631578947 0.859649122807018 0.0779220779220779 0.583333333333333 0.25
0 0.88 0.421052631578947 0.947368421052632 0.051948051948052 0.583333333333333 0.25
0 0.92 0.421052631578947 0.859649122807018 0.0779220779220779 0.583333333333333 0.25
0 0.88 0.421052631578947 0.947368421052632 0.051948051948052 0.583333333333333 0.25
0 0.92 0.421052631578947 0.859649122807018 0.0779220779220779 0.583333333333333 0.25
0 0.92 0.421052631578947 0.859649122807018 0.0779220779220779 0.583333333333333 0.25
0 0.92 0.421052631578947 0.859649122807018 0.0779220779220779 0.583333333333333 0.25
0 0.92 0.368421052631579 0.929824561403509 0.025974025974026 0.0416666666666667 0.25
0 0.96 0.763157894736842 0.824561403508772 0.532467532467533 0.166666666666667 0.25
0 0.92 0.368421052631579 0.894736842105263 0.051948051948052 0.125 0.25
0 0.96 0.763157894736842 0.824561403508772 0.532467532467533 0.166666666666667 0.25
0 0.96 0.368421052631579 0.824561403508772 0.0779220779220779 0.541666666666667 0.25
0 0.92 0.368421052631579 0.894736842105263 0.051948051948052 0.125 0.25
0 0.96 0.368421052631579 0.824561403508772 0.0779220779220779 0.541666666666667 0.25
0 0.92 0.368421052631579 0.894736842105263 0.051948051948052 0.125 0.25
0 0.96 0.368421052631579 0.824561403508772 0.0779220779220779 0.541666666666667 0.25
0 0.96 0.368421052631579 0.824561403508772 0.0779220779220779 0.541666666666667 0.25
0 0.96 0.368421052631579 0.824561403508772 0.0779220779220779 0.541666666666667 0.25
0 0.88 0.421052631578947 0.736842105263158 0.506493506493506 0.0833333333333333 1
0 0.84 0.763157894736842 0.894736842105263 0.532467532467533 0.0833333333333333 1
0 0.88 0.394736842105263 0.719298245614035 0.350649350649351 0.0833333333333333 1
0 0.84 0.763157894736842 0.894736842105263 0.532467532467533 0.0833333333333333 1
0 0.84 0.394736842105263 0.912280701754386 0.298701298701299 0.958333333333333 1
0 0.88 0.394736842105263 0.719298245614035 0.350649350649351 0.0833333333333333 1
0 0.84 0.394736842105263 0.912280701754386 0.298701298701299 0.958333333333333 1
0 0.88 0.394736842105263 0.719298245614035 0.350649350649351 0.0833333333333333 1
0 0.84 0.394736842105263 0.912280701754386 0.298701298701299 0.958333333333333 1
0 0.84 0.394736842105263 0.912280701754386 0.298701298701299 0.958333333333333 1
0 0.84 0.394736842105263 0.912280701754386 0.298701298701299 0.958333333333333 1
0 0.8 0.552631578947368 0.912280701754386 0.012987012987013 0.375 0.125
0 0.8 0.552631578947368 0.929824561403509 0.012987012987013 0.375 0.125
0 0.88 0.552631578947368 0.789473684210526 0.0649350649350649 1 0.125
0 0.8 0.552631578947368 0.929824561403509 0.012987012987013 0.375 0.125
0 0.88 0.552631578947368 0.789473684210526 0.0649350649350649 1 0.125
0 0.8 0.552631578947368 0.929824561403509 0.012987012987013 0.375 0.125
0 0.88 0.552631578947368 0.789473684210526 0.0649350649350649 1 0.125
0 0.88 0.552631578947368 0.789473684210526 0.0649350649350649 1 0.125
0 0.88 0.552631578947368 0.789473684210526 0.0649350649350649 1 0.125
0 0.76 0.578947368421053 0.859649122807018 0.038961038961039 0.125 0.25
0 0.76 0.763157894736842 0.736842105263158 0.532467532467533 0.958333333333333 0.25
0 0.72 0.552631578947368 0.912280701754386 0.012987012987013 0.166666666666667 0.25
0 0.76 0.763157894736842 0.736842105263158 0.532467532467533 0.958333333333333 0.25
0.00408163265306122 0.76 0.578947368421053 0.771929824561403 0.051948051948052 0.583333333333333 0.5
0 0.72 0.552631578947368 0.912280701754386 0.012987012987013 0.166666666666667 0.25
0.00408163265306122 0.76 0.578947368421053 0.771929824561403 0.051948051948052 0.583333333333333 0.5
0 0.72 0.552631578947368 0.912280701754386 0.012987012987013 0.166666666666667 0.25
0.00408163265306122 0.76 0.578947368421053 0.771929824561403 0.051948051948052 0.583333333333333 0.5
0.00408163265306122 0.76 0.578947368421053 0.771929824561403 0.051948051948052 0.583333333333333 0.5
0.00408163265306122 0.76 0.578947368421053 0.771929824561403 0.051948051948052 0.583333333333333 0.5
0 0.8 0.578947368421053 0.859649122807018 0.233766233766234 0.166666666666667 0.875
0 0.84 0.763157894736842 0.789473684210526 0.532467532467533 0.0416666666666667 0.625
0 0.8 0.578947368421053 0.859649122807018 0.051948051948052 0.583333333333333 0.75
0 0.84 0.763157894736842 0.789473684210526 0.532467532467533 0.0416666666666667 0.625
0 0.84 0.578947368421053 0.789473684210526 0.116883116883117 0.583333333333333 0.625
0 0.8 0.578947368421053 0.859649122807018 0.051948051948052 0.583333333333333 0.75
0 0.84 0.578947368421053 0.789473684210526 0.116883116883117 0.583333333333333 0.625
0 0.8 0.578947368421053 0.859649122807018 0.051948051948052 0.583333333333333 0.75
0 0.84 0.578947368421053 0.789473684210526 0.116883116883117 0.583333333333333 0.625
0 0.84 0.578947368421053 0.789473684210526 0.116883116883117 0.583333333333333 0.625
0 0.84 0.578947368421053 0.789473684210526 0.116883116883117 0.583333333333333 0.625
0 0.84 0.526315789473684 0.87719298245614 0.103896103896104 0.541666666666667 0.25
0 0.88 0.763157894736842 0.824561403508772 0.532467532467533 0.166666666666667 0.5
0 0.84 0.526315789473684 0.929824561403509 0.0649350649350649 0.166666666666667 0.25
0 0.88 0.763157894736842 0.824561403508772 0.532467532467533 0.166666666666667 0.5
0 0.88 0.552631578947368 0.824561403508772 0.038961038961039 1 0.5
0 0.84 0.526315789473684 0.929824561403509 0.0649350649350649 0.166666666666667 0.25
0 0.88 0.552631578947368 0.824561403508772 0.038961038961039 1 0.5
0 0.84 0.526315789473684 0.929824561403509 0.0649350649350649 0.166666666666667 0.25
0 0.88 0.552631578947368 0.824561403508772 0.038961038961039 1 0.5
0 0.88 0.552631578947368 0.824561403508772 0.038961038961039 1 0.5
0 0.88 0.552631578947368 0.824561403508772 0.038961038961039 1 0.5
0 0.76 0.578947368421053 0.912280701754386 0 1 0.125
0 0.84 0.763157894736842 0.789473684210526 0.532467532467533 1 0.125
0 0.76 0.578947368421053 0.912280701754386 0.0779220779220779 1 0.125
0 0.84 0.763157894736842 0.789473684210526 0.532467532467533 1 0.125
0 0.84 0.578947368421053 0.771929824561403 0.0649350649350649 0.583333333333333 0.25
0 0.76 0.578947368421053 0.912280701754386 0.0779220779220779 1 0.125
0 0.84 0.578947368421053 0.771929824561403 0.0649350649350649 0.583333333333333 0.25
0 0.76 0.578947368421053 0.912280701754386 0.0779220779220779 1 0.125
0 0.84 0.578947368421053 0.771929824561403 0.0649350649350649 0.583333333333333 0.25
0 0.84 0.578947368421053 0.771929824561403 0.0649350649350649 0.583333333333333 0.25
0 0.84 0.578947368421053 0.771929824561403 0.0649350649350649 0.583333333333333 0.25
0 0.8 0.5 0.859649122807018 0.0909090909090909 0.125 0.125
0 0.84 0.763157894736842 0.736842105263158 0.532467532467533 0.583333333333333 0.125
0 0.8 0.473684210526316 0.859649122807018 0.051948051948052 0.166666666666667 0.125
0 0.84 0.763157894736842 0.736842105263158 0.532467532467533 0.583333333333333 0.125
0 0.84 0.5 0.719298245614035 0.142857142857143 0.583333333333333 0.25
0 0.8 0.473684210526316 0.859649122807018 0.051948051948052 0.166666666666667 0.125
0 0.84 0.5 0.719298245614035 0.142857142857143 0.583333333333333 0.25
0 0.8 0.473684210526316 0.859649122807018 0.051948051948052 0.166666666666667 0.125
0 0.84 0.5 0.719298245614035 0.142857142857143 0.583333333333333 0.25
0 0.84 0.5 0.719298245614035 0.142857142857143 0.583333333333333 0.25
0 0.84 0.5 0.719298245614035 0.142857142857143 0.583333333333333 0.25
0.0326530612244898 0.88 0.421052631578947 0.912280701754386 0.272727272727273 0.0416666666666667 0.5
0 0.92 0.763157894736842 0.87719298245614 0.532467532467533 0.0416666666666667 0.625
0 0.88 0.421052631578947 0.859649122807018 0.038961038961039 0.0416666666666667 0.125
0 0.92 0.763157894736842 0.87719298245614 0.532467532467533 0.0416666666666667 0.625
0 0.92 0.421052631578947 0.824561403508772 0.0909090909090909 1 0.625
0 0.88 0.421052631578947 0.859649122807018 0.038961038961039 0.0416666666666667 0.125
0 0.92 0.421052631578947 0.824561403508772 0.0909090909090909 1 0.625
0 0.88 0.421052631578947 0.859649122807018 0.038961038961039 0.0416666666666667 0.125
0 0.92 0.421052631578947 0.824561403508772 0.0909090909090909 1 0.625
0 0.92 0.421052631578947 0.824561403508772 0.0909090909090909 1 0.625
0 0.92 0.421052631578947 0.824561403508772 0.0909090909090909 1 0.625
0 0.84 0.447368421052632 0.87719298245614 0.155844155844156 0.0833333333333333 0.125
0 0.88 0.763157894736842 0.824561403508772 0.532467532467533 0.0833333333333333 0.125
0 0.84 0.421052631578947 0.807017543859649 0.116883116883117 0.0833333333333333 0.125
0 0.88 0.763157894736842 0.824561403508772 0.532467532467533 0.0833333333333333 0.125
0 0.88 0.447368421052632 0.807017543859649 0.155844155844156 0.958333333333333 0.25
0 0.84 0.421052631578947 0.807017543859649 0.116883116883117 0.0833333333333333 0.125
0 0.88 0.447368421052632 0.807017543859649 0.155844155844156 0.958333333333333 0.25
0 0.84 0.421052631578947 0.807017543859649 0.116883116883117 0.0833333333333333 0.125
0 0.88 0.447368421052632 0.807017543859649 0.155844155844156 0.958333333333333 0.25
0 0.88 0.447368421052632 0.807017543859649 0.155844155844156 0.958333333333333 0.25
0 0.88 0.447368421052632 0.807017543859649 0.155844155844156 0.958333333333333 0.25
0 0.84 0.368421052631579 0.859649122807018 0.38961038961039 0.0833333333333333 0.125
0 0.88 0.763157894736842 0.807017543859649 0.532467532467533 0.0833333333333333 0.125
0 0.88 0.368421052631579 0.807017543859649 0.155844155844156 0.0833333333333333 0.125
0 0.88 0.763157894736842 0.807017543859649 0.532467532467533 0.0833333333333333 0.125
0 0.88 0.368421052631579 0.824561403508772 0.116883116883117 0.958333333333333 0.625
0 0.88 0.368421052631579 0.807017543859649 0.155844155844156 0.0833333333333333 0.125
0 0.88 0.368421052631579 0.824561403508772 0.116883116883117 0.958333333333333 0.625
0 0.88 0.368421052631579 0.807017543859649 0.155844155844156 0.0833333333333333 0.125
0 0.88 0.368421052631579 0.824561403508772 0.116883116883117 0.958333333333333 0.625
0 0.88 0.368421052631579 0.824561403508772 0.116883116883117 0.958333333333333 0.625
0 0.88 0.368421052631579 0.824561403508772 0.116883116883117 0.958333333333333 0.625
0 0.76 0.473684210526316 0.684210526315789 0.25974025974026 0.0833333333333333 0
0 0.76 0.763157894736842 0.701754385964912 0.532467532467533 1 0
0 0.76 0.447368421052632 0.649122807017544 0.051948051948052 0.0833333333333333 0
0 0.76 0.763157894736842 0.701754385964912 0.532467532467533 1 0
0 0.76 0.447368421052632 0.719298245614035 0.0909090909090909 0.958333333333333 0.125
0 0.76 0.447368421052632 0.649122807017544 0.051948051948052 0.0833333333333333 0
0 0.76 0.447368421052632 0.719298245614035 0.0909090909090909 0.958333333333333 0.125
0 0.76 0.447368421052632 0.649122807017544 0.051948051948052 0.0833333333333333 0
0 0.76 0.447368421052632 0.719298245614035 0.0909090909090909 0.958333333333333 0.125
0 0.76 0.447368421052632 0.719298245614035 0.0909090909090909 0.958333333333333 0.125
0 0.76 0.447368421052632 0.719298245614035 0.0909090909090909 0.958333333333333 0.125
0 0.72 0.473684210526316 0.912280701754386 0.233766233766234 0.0416666666666667 0.125
0 0.8 0.763157894736842 0.736842105263158 0.532467532467533 0.166666666666667 0.125
0 0.72 0.473684210526316 0.87719298245614 0.038961038961039 0.166666666666667 0.125
0 0.8 0.763157894736842 0.736842105263158 0.532467532467533 0.166666666666667 0.125
0 0.8 0.473684210526316 0.719298245614035 0.0649350649350649 0.583333333333333 0.125
0 0.72 0.473684210526316 0.87719298245614 0.038961038961039 0.166666666666667 0.125
0 0.8 0.473684210526316 0.719298245614035 0.0649350649350649 0.583333333333333 0.125
0 0.72 0.473684210526316 0.87719298245614 0.038961038961039 0.166666666666667 0.125
0 0.8 0.473684210526316 0.719298245614035 0.0649350649350649 0.583333333333333 0.125
0 0.8 0.473684210526316 0.719298245614035 0.0649350649350649 0.583333333333333 0.125
0 0.8 0.473684210526316 0.719298245614035 0.0649350649350649 0.583333333333333 0.125
0 0.84 0.473684210526316 0.859649122807018 0.298701298701299 0.0416666666666667 0.125
0 0.88 0.763157894736842 0.736842105263158 0.532467532467533 0.583333333333333 0.125
0 0.8 0.473684210526316 0.859649122807018 0.012987012987013 0.583333333333333 0.125
0 0.88 0.763157894736842 0.736842105263158 0.532467532467533 0.583333333333333 0.125
0 0.84 0.473684210526316 0.736842105263158 0.116883116883117 0.541666666666667 0.5
0 0.8 0.473684210526316 0.859649122807018 0.012987012987013 0.583333333333333 0.125
0 0.84 0.473684210526316 0.736842105263158 0.116883116883117 0.541666666666667 0.5
0 0.8 0.473684210526316 0.859649122807018 0.012987012987013 0.583333333333333 0.125
0 0.84 0.473684210526316 0.736842105263158 0.116883116883117 0.541666666666667 0.5
0 0.84 0.473684210526316 0.736842105263158 0.116883116883117 0.541666666666667 0.5
0 0.84 0.473684210526316 0.736842105263158 0.116883116883117 0.541666666666667 0.5
0 0.76 0.473684210526316 0.912280701754386 0.155844155844156 0.0833333333333333 0
0 0.84 0.763157894736842 0.736842105263158 0.532467532467533 0.0416666666666667 0
0 0.76 0.447368421052632 0.929824561403509 0 0.166666666666667 0
0 0.84 0.763157894736842 0.736842105263158 0.532467532467533 0.0416666666666667 0
0 0.84 0.447368421052632 0.736842105263158 0.12987012987013 0.583333333333333 0.125
0 0.76 0.447368421052632 0.929824561403509 0 0.166666666666667 0
0 0.84 0.447368421052632 0.736842105263158 0.12987012987013 0.583333333333333 0.125
0 0.76 0.447368421052632 0.929824561403509 0 0.166666666666667 0
0 0.84 0.447368421052632 0.736842105263158 0.12987012987013 0.583333333333333 0.125
0 0.84 0.447368421052632 0.736842105263158 0.12987012987013 0.583333333333333 0.125
0 0.84 0.447368421052632 0.736842105263158 0.12987012987013 0.583333333333333 0.125
0 0.76 0.421052631578947 0.87719298245614 0.12987012987013 0.0416666666666667 0.125
0 0.84 0.763157894736842 0.736842105263158 0.532467532467533 0.166666666666667 0.125
0 0.76 0.421052631578947 0.894736842105263 0 0.166666666666667 0.125
0 0.84 0.763157894736842 0.736842105263158 0.532467532467533 0.166666666666667 0.125
0 0.84 0.421052631578947 0.719298245614035 0.0649350649350649 0.583333333333333 0.125
0 0.76 0.421052631578947 0.894736842105263 0 0.166666666666667 0.125
0 0.84 0.421052631578947 0.719298245614035 0.0649350649350649 0.583333333333333 0.125
0 0.76 0.421052631578947 0.894736842105263 0 0.166666666666667 0.125
0 0.84 0.421052631578947 0.719298245614035 0.0649350649350649 0.583333333333333 0.125
0 0.84 0.421052631578947 0.719298245614035 0.0649350649350649 0.583333333333333 0.125
0 0.84 0.421052631578947 0.719298245614035 0.0649350649350649 0.583333333333333 0.125
0 0.8 0.421052631578947 0.736842105263158 0.233766233766234 0.0416666666666667 0.125
0 0.88 0.763157894736842 0.649122807017544 0.532467532467533 0.583333333333333 0.125
0 0.84 0.421052631578947 0.701754385964912 0.207792207792208 0.541666666666667 0.125
0 0.88 0.763157894736842 0.649122807017544 0.532467532467533 0.583333333333333 0.125
0 0.88 0.421052631578947 0.631578947368421 0.0649350649350649 0.583333333333333 0.125
0 0.84 0.421052631578947 0.701754385964912 0.207792207792208 0.541666666666667 0.125
0 0.88 0.421052631578947 0.631578947368421 0.0649350649350649 0.583333333333333 0.125
0 0.84 0.421052631578947 0.701754385964912 0.207792207792208 0.541666666666667 0.125
0 0.88 0.421052631578947 0.631578947368421 0.0649350649350649 0.583333333333333 0.125
0 0.88 0.421052631578947 0.631578947368421 0.0649350649350649 0.583333333333333 0.125
0 0.88 0.421052631578947 0.631578947368421 0.0649350649350649 0.583333333333333 0.125
0 0.8 0.447368421052632 0.894736842105263 0.168831168831169 0.0416666666666667 0.5
0 0.88 0.763157894736842 0.684210526315789 0.532467532467533 0.0416666666666667 0.125
0 0.8 0.447368421052632 0.842105263157895 0.012987012987013 0.166666666666667 0.5
0 0.88 0.763157894736842 0.684210526315789 0.532467532467533 0.0416666666666667 0.125
0 0.88 0.447368421052632 0.684210526315789 0.116883116883117 0.583333333333333 0.5
0 0.8 0.447368421052632 0.842105263157895 0.012987012987013 0.166666666666667 0.5
0 0.88 0.447368421052632 0.684210526315789 0.116883116883117 0.583333333333333 0.5
0 0.8 0.447368421052632 0.842105263157895 0.012987012987013 0.166666666666667 0.5
0 0.88 0.447368421052632 0.684210526315789 0.116883116883117 0.583333333333333 0.5
0 0.88 0.447368421052632 0.684210526315789 0.116883116883117 0.583333333333333 0.5
0 0.88 0.447368421052632 0.684210526315789 0.116883116883117 0.583333333333333 0.5
0 0.8 0.526315789473684 0.508771929824561 0.220779220779221 0.0416666666666667 0.5
0 0.84 0.763157894736842 0.473684210526316 0.532467532467533 0.583333333333333 0.5
0 0.76 0.526315789473684 0.649122807017544 0.051948051948052 0.0416666666666667 0.5
0 0.84 0.763157894736842 0.473684210526316 0.532467532467533 0.583333333333333 0.5
0 0.76 0.526315789473684 0.649122807017544 0.051948051948052 0.0416666666666667 0.5
0 0.76 0.526315789473684 0.649122807017544 0.051948051948052 0.0416666666666667 0.5
0 0.8 0.473684210526316 0.666666666666667 0.402597402597403 0.0416666666666667 0.75
0 0.8 0.763157894736842 0.614035087719298 0.532467532467533 0.583333333333333 0.75
0 0.8 0.473684210526316 0.649122807017544 0.207792207792208 0.0416666666666667 0.875
0 0.8 0.763157894736842 0.614035087719298 0.532467532467533 0.583333333333333 0.75
0 0.8 0.473684210526316 0.649122807017544 0.207792207792208 0.0416666666666667 0.875
0 0.8 0.394736842105263 0.929824561403509 0.103896103896104 0.166666666666667 0.75
0 0.8 0.763157894736842 0.894736842105263 0.532467532467533 0.0416666666666667 0.75
0 0.8 0.394736842105263 0.912280701754386 0.0649350649350649 0.583333333333333 0.75
0 0.8 0.763157894736842 0.894736842105263 0.532467532467533 0.0416666666666667 0.75
0 0.8 0.394736842105263 0.912280701754386 0.0649350649350649 0.583333333333333 0.75
0 0.8 0.394736842105263 0.912280701754386 0.0649350649350649 0.583333333333333 0.75
0 0.76 0.5 0.894736842105263 0.0909090909090909 0.166666666666667 0.5
0 0.8 0.763157894736842 0.736842105263158 0.532467532467533 0.0416666666666667 0.5
0 0.76 0.5 0.824561403508772 0.0909090909090909 0.583333333333333 0.5
0 0.8 0.763157894736842 0.736842105263158 0.532467532467533 0.0416666666666667 0.5
0 0.76 0.5 0.824561403508772 0.0909090909090909 0.583333333333333 0.5
0 0.76 0.5 0.824561403508772 0.0909090909090909 0.583333333333333 0.5
0 0.8 0.552631578947368 0.754385964912281 0.181818181818182 0.0416666666666667 0.125
0 0.8 0.763157894736842 0.719298245614035 0.532467532467533 0.0416666666666667 0.125
0 0.76 0.552631578947368 0.754385964912281 0.12987012987013 0.583333333333333 0.125
0 0.8 0.763157894736842 0.719298245614035 0.532467532467533 0.0416666666666667 0.125
0 0.76 0.552631578947368 0.754385964912281 0.12987012987013 0.583333333333333 0.125
0 0.68 0.578947368421053 0.87719298245614 0.181818181818182 0.166666666666667 0.125
0 0.8 0.763157894736842 0.631578947368421 0.532467532467533 0.0416666666666667 0.125
0 0.68 0.578947368421053 0.894736842105263 0.051948051948052 0.583333333333333 0.125
0 0.8 0.763157894736842 0.631578947368421 0.532467532467533 0.0416666666666667 0.125
0 0.68 0.578947368421053 0.894736842105263 0.051948051948052 0.583333333333333 0.125
0 0.68 0.578947368421053 0.894736842105263 0.051948051948052 0.583333333333333 0.125
0 0.8 0.605263157894737 0.719298245614035 0.233766233766234 0.0416666666666667 0.25
0 0.8 0.763157894736842 0.526315789473684 0.532467532467533 0.583333333333333 0.125
0 0.8 0.605263157894737 0.614035087719298 0.051948051948052 0.583333333333333 0.25
0 0.8 0.763157894736842 0.526315789473684 0.532467532467533 0.583333333333333 0.125
0 0.8 0.605263157894737 0.614035087719298 0.051948051948052 0.583333333333333 0.25
0 0.8 0.605263157894737 0.614035087719298 0.051948051948052 0.583333333333333 0.25
0.0204081632653061 0.72 0.605263157894737 0.684210526315789 0.558441558441559 0.583333333333333 0.5
0 0.8 0.763157894736842 0.578947368421053 0.532467532467533 0.0416666666666667 0.125
0 0.8 0.605263157894737 0.491228070175439 0.0909090909090909 0.541666666666667 0.5
0 0.8 0.763157894736842 0.578947368421053 0.532467532467533 0.0416666666666667 0.125
0 0.8 0.605263157894737 0.491228070175439 0.0909090909090909 0.541666666666667 0.5
0 0.8 0.605263157894737 0.491228070175439 0.0909090909090909 0.541666666666667 0.5
0 0.64 0.578947368421053 0.807017543859649 0.0909090909090909 0.166666666666667 0.625
0 0.68 0.763157894736842 0.473684210526316 0.532467532467533 1 0.5
0 0.64 0.578947368421053 0.736842105263158 0.142857142857143 0.166666666666667 0.625
0 0.68 0.763157894736842 0.473684210526316 0.532467532467533 1 0.5
0 0.64 0.578947368421053 0.736842105263158 0.142857142857143 0.166666666666667 0.625
0 0.6 0.5 0.894736842105263 0.155844155844156 1 0.5
0 0.64 0.763157894736842 0.859649122807018 0.532467532467533 0.583333333333333 0.5
0 0.64 0.5 0.859649122807018 0.103896103896104 0.0833333333333333 0.5
0 0.64 0.763157894736842 0.859649122807018 0.532467532467533 0.583333333333333 0.5
0 0.64 0.5 0.859649122807018 0.103896103896104 0.0833333333333333 0.5
0 0.64 0.5 0.859649122807018 0.103896103896104 0.0833333333333333 0.5
0 0.68 0.526315789473684 0.842105263157895 0.246753246753247 0.166666666666667 0.125
0 0.76 0.763157894736842 0.754385964912281 0.532467532467533 0.583333333333333 0
0 0.72 0.5 0.807017543859649 0.12987012987013 0.166666666666667 0.5
0 0.76 0.763157894736842 0.754385964912281 0.532467532467533 0.583333333333333 0
0 0.72 0.5 0.807017543859649 0.12987012987013 0.166666666666667 0.5
0 0.72 0.5 0.807017543859649 0.12987012987013 0.166666666666667 0.5
0 0.76 0.552631578947368 0.631578947368421 0.649350649350649 0.166666666666667 0.5
0 0.8 0.763157894736842 0.543859649122807 0.532467532467533 0.0416666666666667 0.625
0 0.76 0.552631578947368 0.543859649122807 0.25974025974026 0.583333333333333 0.5
0 0.8 0.763157894736842 0.543859649122807 0.532467532467533 0.0416666666666667 0.625
0 0.76 0.552631578947368 0.543859649122807 0.25974025974026 0.583333333333333 0.5
0 0.76 0.552631578947368 0.543859649122807 0.25974025974026 0.583333333333333 0.5
0.0326530612244898 0.8 0.342105263157895 0.929824561403509 0.857142857142857 0.583333333333333 0.75
0 0.8 0.763157894736842 0.912280701754386 0.532467532467533 0.583333333333333 0.625
0.0938775510204082 0.8 0.342105263157895 0.894736842105263 0.480519480519481 0.0416666666666667 0.75
0.0938775510204082 0.8 0.342105263157895 0.894736842105263 0.480519480519481 0.0416666666666667 0.75
0 0.76 0.421052631578947 0.929824561403509 0.38961038961039 0.0833333333333333 0.5
0 0.76 0.763157894736842 0.947368421052632 0.532467532467533 0.958333333333333 0.5
0.00816326530612245 0.76 0.394736842105263 0.894736842105263 0.350649350649351 0.0833333333333333 0.5
0 0.76 0.763157894736842 0.947368421052632 0.532467532467533 0.958333333333333 0.5
0.00816326530612245 0.76 0.394736842105263 0.894736842105263 0.350649350649351 0.0833333333333333 0.5
0.00816326530612245 0.76 0.394736842105263 0.894736842105263 0.350649350649351 0.0833333333333333 0.5
0 0.76 0.763157894736842 0.771929824561403 0.532467532467533 0.583333333333333 0.125
0 0.76 0.763157894736842 0.771929824561403 0.532467532467533 0.583333333333333 0.125
0 0.72 0.578947368421053 0.929824561403509 0.246753246753247 0.0416666666666667 0.125
0 0.76 0.763157894736842 0.807017543859649 0.532467532467533 0.583333333333333 0
0 0.72 0.578947368421053 0.87719298245614 0.0649350649350649 0.0416666666666667 0.125
0 0.76 0.763157894736842 0.807017543859649 0.532467532467533 0.583333333333333 0
0 0.72 0.578947368421053 0.87719298245614 0.0649350649350649 0.0416666666666667 0.125
0 0.72 0.578947368421053 0.87719298245614 0.0649350649350649 0.0416666666666667 0.125
0 0.76 0.578947368421053 0.859649122807018 0.311688311688312 0.0416666666666667 0.125
0 0.8 0.763157894736842 0.789473684210526 0.532467532467533 0.583333333333333 0.125
0 0.76 0.578947368421053 0.824561403508772 0.181818181818182 0.0416666666666667 0.125
0 0.8 0.763157894736842 0.789473684210526 0.532467532467533 0.583333333333333 0.125
0 0.76 0.578947368421053 0.824561403508772 0.181818181818182 0.0416666666666667 0.125
0 0.76 0.578947368421053 0.824561403508772 0.181818181818182 0.0416666666666667 0.125
0 0.8 0.447368421052632 0.789473684210526 0.506493506493506 0.0416666666666667 0.25
0 0.8 0.763157894736842 0.771929824561403 0.532467532467533 0.0416666666666667 0
0 0.8 0.473684210526316 0.789473684210526 0.298701298701299 0.541666666666667 0.25
0 0.8 0.763157894736842 0.771929824561403 0.532467532467533 0.0416666666666667 0
0 0.8 0.473684210526316 0.789473684210526 0.298701298701299 0.541666666666667 0.25
0 0.76 0.605263157894737 0.842105263157895 0.311688311688312 0.166666666666667 0.5
0 0.8 0.578947368421053 0.771929824561403 0.168831168831169 0.0416666666666667 0.5
0 0.8 0.578947368421053 0.771929824561403 0.168831168831169 0.0416666666666667 0.5
0 0.8 0.578947368421053 0.771929824561403 0.168831168831169 0.0416666666666667 0.5
0 0.56 0.684210526315789 0.666666666666667 0.168831168831169 1 0.125
0 0.6 0.763157894736842 0.456140350877193 0.532467532467533 0.166666666666667 0.125
0 0.6 0.684210526315789 0.543859649122807 0.116883116883117 0.0416666666666667 0.125
0 0.6 0.763157894736842 0.456140350877193 0.532467532467533 0.166666666666667 0.125
0 0.6 0.684210526315789 0.543859649122807 0.116883116883117 0.0416666666666667 0.125
0 0.6 0.684210526315789 0.543859649122807 0.116883116883117 0.0416666666666667 0.125
0 0.8 0.552631578947368 0.473684210526316 0.116883116883117 0.166666666666667 0.125
0 0.68 0.763157894736842 0.684210526315789 0.532467532467533 0.583333333333333 0.125
0 0.68 0.552631578947368 0.771929824561403 0 0.166666666666667 0.125
0 0.68 0.763157894736842 0.684210526315789 0.532467532467533 0.583333333333333 0.125
0 0.68 0.552631578947368 0.771929824561403 0 0.166666666666667 0.125
0 0.68 0.552631578947368 0.771929824561403 0 0.166666666666667 0.125
0 0.56 0.657894736842105 0.614035087719298 0.0909090909090909 0.166666666666667 0.125
0 0.6 0.763157894736842 0.403508771929825 0.532467532467533 0.0416666666666667 0.125
0 0.56 0.631578947368421 0.508771929824561 0 0.166666666666667 0.125
0 0.6 0.763157894736842 0.403508771929825 0.532467532467533 0.0416666666666667 0.125
0 0.56 0.631578947368421 0.508771929824561 0 0.166666666666667 0.125
0 0.56 0.631578947368421 0.508771929824561 0 0.166666666666667 0.125
0 0.56 0.684210526315789 0.824561403508772 0.168831168831169 1 0
0 0.64 0.763157894736842 0.649122807017544 0.532467532467533 0.166666666666667 0
0 0.6 0.657894736842105 0.771929824561403 0.103896103896104 1 0
0 0.64 0.763157894736842 0.649122807017544 0.532467532467533 0.166666666666667 0
0 0.6 0.657894736842105 0.771929824561403 0.103896103896104 1 0
0 0.6 0.657894736842105 0.771929824561403 0.103896103896104 1 0
0 0.6 0.736842105263158 0.754385964912281 0.246753246753247 0.166666666666667 0
0 0.64 0.763157894736842 0.578947368421053 0.532467532467533 0.583333333333333 0
0 0.64 0.710526315789474 0.596491228070175 0.207792207792208 1 0
0 0.64 0.763157894736842 0.578947368421053 0.532467532467533 0.583333333333333 0
0 0.64 0.710526315789474 0.596491228070175 0.207792207792208 1 0
0 0.64 0.710526315789474 0.596491228070175 0.207792207792208 1 0
0 0.64 0.789473684210526 0.368421052631579 0.415584415584416 0.583333333333333 0.125
0 0.68 0.763157894736842 0.280701754385965 0.532467532467533 0.0416666666666667 0
0 0.64 0.789473684210526 0.298245614035088 0.246753246753247 0.166666666666667 0.125
0 0.68 0.763157894736842 0.280701754385965 0.532467532467533 0.0416666666666667 0
0 0.64 0.789473684210526 0.298245614035088 0.246753246753247 0.166666666666667 0.125
0 0.64 0.789473684210526 0.298245614035088 0.246753246753247 0.166666666666667 0.125
0 0.6 0.763157894736842 0.421052631578947 0.532467532467533 0.166666666666667 0.125
0 0.44 0.763157894736842 0.824561403508772 0 0.166666666666667 0.125
0 0.6 0.763157894736842 0.421052631578947 0.532467532467533 0.166666666666667 0.125
0 0.44 0.763157894736842 0.824561403508772 0 0.166666666666667 0.125
0 0.44 0.763157894736842 0.824561403508772 0 0.166666666666667 0.125
0 0.44 0.684210526315789 0.912280701754386 0.012987012987013 0.166666666666667 0.125
0 0.6 0.763157894736842 0.56140350877193 0.532467532467533 0.583333333333333 0
0 0.48 0.684210526315789 0.912280701754386 0 0.166666666666667 0.125
0 0.6 0.763157894736842 0.56140350877193 0.532467532467533 0.583333333333333 0
0 0.48 0.684210526315789 0.912280701754386 0 0.166666666666667 0.125
0 0.48 0.684210526315789 0.912280701754386 0 0.166666666666667 0.125
0 0.6 0.657894736842105 0.824561403508772 0.324675324675325 0.583333333333333 0.125
0 0.68 0.763157894736842 0.701754385964912 0.532467532467533 0.0416666666666667 0.125
0 0.6 0.657894736842105 0.807017543859649 0.103896103896104 0.583333333333333 0.125
0 0.68 0.763157894736842 0.701754385964912 0.532467532467533 0.0416666666666667 0.125
0 0.6 0.657894736842105 0.807017543859649 0.103896103896104 0.583333333333333 0.125
0 0.6 0.657894736842105 0.807017543859649 0.103896103896104 0.583333333333333 0.125
0 0.72 0.763157894736842 0.666666666666667 0.532467532467533 0.0416666666666667 0.125
0 0.72 0.763157894736842 0.666666666666667 0.532467532467533 0.0416666666666667 0.125
0 0.72 0.763157894736842 0.473684210526316 0.532467532467533 0.0416666666666667 0.125
0 0.72 0.763157894736842 0.473684210526316 0.532467532467533 0.0416666666666667 0.125
0 0.64 0.631578947368421 0.456140350877193 0.324675324675325 0.166666666666667 0.25
0 0.68 0.605263157894737 0.473684210526316 0.155844155844156 1 0.25
0 0.68 0.605263157894737 0.473684210526316 0.155844155844156 1 0.25
0 0.68 0.605263157894737 0.473684210526316 0.155844155844156 1 0.25
0 0.44 0.763157894736842 0.298245614035088 0.25974025974026 1 0.125
0 0.48 0.763157894736842 0.140350877192982 0.0649350649350649 0.958333333333333 0.125
0 0.48 0.763157894736842 0.140350877192982 0.0649350649350649 0.958333333333333 0.125
0 0.48 0.763157894736842 0.140350877192982 0.0649350649350649 0.958333333333333 0.125
0 0.24 0.763157894736842 0.859649122807018 0.038961038961039 0.0833333333333333 0
0 0.44 0.763157894736842 0.228070175438596 0.532467532467533 0.0833333333333333 0
0 0.32 0.763157894736842 0.87719298245614 0 0.166666666666667 0
0 0.44 0.763157894736842 0.228070175438596 0.532467532467533 0.0833333333333333 0
0 0.32 0.763157894736842 0.87719298245614 0 0.166666666666667 0
0 0.32 0.763157894736842 0.87719298245614 0 0.166666666666667 0
0 0.48 0.763157894736842 0.491228070175439 0.532467532467533 0.0833333333333333 0.125
0 0.36 0.763157894736842 0.87719298245614 0 0.166666666666667 0.125
0 0.48 0.763157894736842 0.491228070175439 0.532467532467533 0.0833333333333333 0.125
0 0.36 0.763157894736842 0.87719298245614 0 0.166666666666667 0.125
0 0.36 0.763157894736842 0.87719298245614 0 0.166666666666667 0.125
0 0.52 0.815789473684211 0.701754385964912 0.12987012987013 0.0416666666666667 0.125
0 0.56 0.763157894736842 0.56140350877193 0.233766233766234 0.0416666666666667 0
0 0.64 0.763157894736842 0.37719298245614 0.532467532467533 0.3125 0.125
0 0.6 0.763157894736842 0.456140350877193 0.12987012987013 0.0416666666666667 0
0 0.64 0.763157894736842 0.37719298245614 0.532467532467533 0.3125 0.125
0 0.6 0.763157894736842 0.456140350877193 0.12987012987013 0.0416666666666667 0
0 0.6 0.763157894736842 0.456140350877193 0.12987012987013 0.0416666666666667 0
0 0.6 0.763157894736842 0.684210526315789 0.532467532467533 0.166666666666667 0.125
0 0.6 0.763157894736842 0.684210526315789 0.532467532467533 0.166666666666667 0.125
0 0.64 0.605263157894737 0.807017543859649 0.103896103896104 0.0416666666666667 0
0 0.68 0.605263157894737 0.736842105263158 0.207792207792208 0.125 0.125
0 0.68 0.605263157894737 0.736842105263158 0.207792207792208 0.125 0.125
0 0.68 0.605263157894737 0.736842105263158 0.207792207792208 0.125 0.125
0 0.6 0.552631578947368 0.912280701754386 0.220779220779221 0.0416666666666667 0
0 0.72 0.763157894736842 0.736842105263158 0.532467532467533 0.583333333333333 0
0 0.6 0.552631578947368 0.894736842105263 0 0.166666666666667 0
0 0.72 0.763157894736842 0.736842105263158 0.532467532467533 0.583333333333333 0
0 0.6 0.552631578947368 0.894736842105263 0 0.166666666666667 0
0 0.6 0.552631578947368 0.894736842105263 0 0.166666666666667 0
0 0.6 0.710526315789474 0.631578947368421 0.441558441558442 0.166666666666667 0.25
0 0.64 0.763157894736842 0.614035087719298 0.532467532467533 0.166666666666667 0.25
0 0.64 0.684210526315789 0.614035087719298 0.376623376623377 1 0.25
0 0.64 0.763157894736842 0.614035087719298 0.532467532467533 0.166666666666667 0.25
0 0.64 0.684210526315789 0.614035087719298 0.376623376623377 1 0.25
0 0.64 0.684210526315789 0.614035087719298 0.376623376623377 1 0.25
0 0.36 0.789473684210526 0.912280701754386 0 0.166666666666667 0
0 0.52 0.763157894736842 0.649122807017544 0.532467532467533 0.0416666666666667 0
0 0.4 0.763157894736842 0.912280701754386 0 0.166666666666667 0
0 0.52 0.763157894736842 0.649122807017544 0.532467532467533 0.0416666666666667 0
0 0.4 0.763157894736842 0.912280701754386 0 0.166666666666667 0
0 0.4 0.763157894736842 0.912280701754386 0 0.166666666666667 0
0 0.36 0.710526315789474 0.947368421052632 0.155844155844156 0.0416666666666667 0
0 0.52 0.763157894736842 0.649122807017544 0.532467532467533 0.166666666666667 0
0 0.44 0.710526315789474 0.807017543859649 0.012987012987013 0.166666666666667 0
0 0.52 0.763157894736842 0.649122807017544 0.532467532467533 0.166666666666667 0
0 0.44 0.710526315789474 0.807017543859649 0.012987012987013 0.166666666666667 0
0 0.44 0.710526315789474 0.807017543859649 0.012987012987013 0.166666666666667 0
0 0.44 0.684210526315789 0.929824561403509 0.168831168831169 0.0416666666666667 0
0 0.56 0.763157894736842 0.666666666666667 0.532467532467533 0.166666666666667 0
0 0.44 0.684210526315789 0.894736842105263 0.0779220779220779 0.166666666666667 0
0 0.56 0.763157894736842 0.666666666666667 0.532467532467533 0.166666666666667 0
0 0.44 0.684210526315789 0.894736842105263 0.0779220779220779 0.166666666666667 0
0 0.44 0.684210526315789 0.894736842105263 0.0779220779220779 0.166666666666667 0
0 0.52 0.684210526315789 0.929824561403509 0.155844155844156 0.0416666666666667 0
0 0.6 0.763157894736842 0.719298245614035 0.532467532467533 0.166666666666667 0
0 0.52 0.684210526315789 0.894736842105263 0 0.166666666666667 0
0 0.52 0.684210526315789 0.894736842105263 0 0.166666666666667 0
0 0.52 0.684210526315789 0.894736842105263 0 0.166666666666667 0
0 0.48 0.763157894736842 0.859649122807018 0 0.166666666666667 0.125
0 0.64 0.763157894736842 0.578947368421053 0.532467532467533 0.583333333333333 0.125
0 0.52 0.763157894736842 0.929824561403509 0.012987012987013 0.166666666666667 0.125
0 0.52 0.763157894736842 0.929824561403509 0.012987012987013 0.166666666666667 0.125
0 0.52 0.763157894736842 0.929824561403509 0.012987012987013 0.166666666666667 0.125
0 0.36 0.868421052631579 0.754385964912281 0.103896103896104 0.166666666666667 0.125
0 0.48 0.763157894736842 0.526315789473684 0.532467532467533 0.583333333333333 0.125
0 0.44 0.842105263157895 0.631578947368421 0.0909090909090909 0.583333333333333 0.125
0 0.48 0.763157894736842 0.526315789473684 0.532467532467533 0.583333333333333 0.125
0 0.44 0.842105263157895 0.631578947368421 0.0909090909090909 0.583333333333333 0.125
0 0.52 0.815789473684211 0.596491228070175 0.0779220779220779 0.0416666666666667 0.5
0 0.6 0.763157894736842 0.43859649122807 0.532467532467533 0.166666666666667 0.25
0 0.56 0.815789473684211 0.526315789473684 0.012987012987013 0.166666666666667 0.25
0 0.56 0.815789473684211 0.526315789473684 0.012987012987013 0.166666666666667 0.25
0 0.56 0.815789473684211 0.526315789473684 0.012987012987013 0.166666666666667 0.25
0 0.6 0.684210526315789 0.964912280701754 0.155844155844156 0.0416666666666667 0.5
0 0.64 0.763157894736842 0.929824561403509 0.532467532467533 0.166666666666667 0.25
0 0.68 0.684210526315789 0.912280701754386 0.12987012987013 0.541666666666667 0.25
0 0.64 0.763157894736842 0.929824561403509 0.532467532467533 0.166666666666667 0.25
0 0.68 0.684210526315789 0.912280701754386 0.12987012987013 0.541666666666667 0.25
0 0.68 0.684210526315789 0.912280701754386 0.12987012987013 0.541666666666667 0.25
0.204081632653061 0.6 0.631578947368421 0.964912280701754 0.181818181818182 0.0416666666666667 0.75
0 0.64 0.763157894736842 0.947368421052632 0.532467532467533 0.0833333333333333 0.625
0.036734693877551 0.64 0.631578947368421 0.947368421052632 0 0.166666666666667 0.75
0 0.64 0.763157894736842 0.947368421052632 0.532467532467533 0.0833333333333333 0.625
0.036734693877551 0.64 0.631578947368421 0.947368421052632 0 0.166666666666667 0.75
0.036734693877551 0.64 0.631578947368421 0.947368421052632 0 0.166666666666667 0.75
0 0.56 0.631578947368421 0.842105263157895 0.337662337662338 0.0833333333333333 0.25
0 0.6 0.763157894736842 0.842105263157895 0.532467532467533 0.166666666666667 0.25
0 0.6 0.605263157894737 0.789473684210526 0.025974025974026 0.958333333333333 0.5
0 0.6 0.763157894736842 0.842105263157895 0.532467532467533 0.166666666666667 0.25
0 0.6 0.605263157894737 0.789473684210526 0.025974025974026 0.958333333333333 0.5
0 0.6 0.605263157894737 0.789473684210526 0.025974025974026 0.958333333333333 0.5
0 0.6 0.763157894736842 0.754385964912281 0.532467532467533 0.166666666666667 0.25
0 0.6 0.763157894736842 0.754385964912281 0.532467532467533 0.166666666666667 0.25
0 0.28 0.842105263157895 0.175438596491228 0.142857142857143 1 0.125
0 0.36 0.763157894736842 0.105263157894737 0.532467532467533 1 0.125
0 0.36 0.815789473684211 0.087719298245614 0.12987012987013 1 0.125
0 0.36 0.763157894736842 0.105263157894737 0.532467532467533 1 0.125
0 0.36 0.815789473684211 0.087719298245614 0.12987012987013 1 0.125
0 0.36 0.815789473684211 0.087719298245614 0.12987012987013 1 0.125
0 0.12 0.815789473684211 0.87719298245614 0 0.375 0
0 0.36 0.763157894736842 0.263157894736842 0.532467532467533 0.166666666666667 0
0 0.2 0.789473684210526 0.894736842105263 0 0.375 0
0 0.36 0.763157894736842 0.263157894736842 0.532467532467533 0.166666666666667 0
0 0.2 0.789473684210526 0.894736842105263 0 0.375 0
0 0.2 0.789473684210526 0.894736842105263 0 0.375 0
0 0.24 0.763157894736842 0.894736842105263 0.0649350649350649 0.583333333333333 0
0 0.4 0.763157894736842 0.543859649122807 0.532467532467533 0.0416666666666667 0
0 0.32 0.763157894736842 0.736842105263158 0.025974025974026 0.375 0
0 0.4 0.763157894736842 0.543859649122807 0.532467532467533 0.0416666666666667 0
0 0.32 0.763157894736842 0.736842105263158 0.025974025974026 0.375 0
0 0.32 0.763157894736842 0.736842105263158 0.025974025974026 0.375 0
0 0.48 0.710526315789474 0.789473684210526 0.168831168831169 1 0.25
0 0.52 0.763157894736842 0.754385964912281 0.532467532467533 0.0416666666666667 0.25
0 0.48 0.710526315789474 0.912280701754386 0 0.375 0.25
0 0.48 0.710526315789474 0.912280701754386 0 0.375 0.25
0 0.44 0.842105263157895 0.701754385964912 0.116883116883117 0.583333333333333 0
0 0.48 0.763157894736842 0.473684210526316 0.532467532467533 0.0416666666666667 0.125
0 0.48 0.842105263157895 0.508771929824561 0.155844155844156 0.583333333333333 0.125
0 0.48 0.763157894736842 0.473684210526316 0.532467532467533 0.0416666666666667 0.125
0 0.48 0.842105263157895 0.508771929824561 0.155844155844156 0.583333333333333 0.125
0 0.48 0.842105263157895 0.508771929824561 0.155844155844156 0.583333333333333 0.125
0 0.4 0.868421052631579 0.508771929824561 0.25974025974026 0.583333333333333 0.125
0 0.48 0.763157894736842 0.403508771929825 0.532467532467533 0.583333333333333 0.125
0 0.44 0.868421052631579 0.456140350877193 0.142857142857143 1 0.125
0 0.48 0.763157894736842 0.403508771929825 0.532467532467533 0.583333333333333 0.125
0 0.44 0.868421052631579 0.456140350877193 0.142857142857143 1 0.125
0 0.44 0.868421052631579 0.456140350877193 0.142857142857143 1 0.125
0 0.4 0.894736842105263 0.719298245614035 0.220779220779221 1 0.5
0 0.44 0.763157894736842 0.614035087719298 0.532467532467533 1 0.5
0 0.44 0.868421052631579 0.596491228070175 0.142857142857143 0.583333333333333 0.5
0 0.44 0.763157894736842 0.614035087719298 0.532467532467533 1 0.5
0 0.44 0.868421052631579 0.596491228070175 0.142857142857143 0.583333333333333 0.5
0 0.44 0.868421052631579 0.596491228070175 0.142857142857143 0.583333333333333 0.5
0 0.4 0.842105263157895 0.56140350877193 0.285714285714286 0.583333333333333 0.125
0 0.44 0.763157894736842 0.56140350877193 0.532467532467533 0.166666666666667 0.25
0 0.36 0.815789473684211 0.666666666666667 0.025974025974026 0.375 0.25
0 0.44 0.763157894736842 0.56140350877193 0.532467532467533 0.166666666666667 0.25
0 0.36 0.815789473684211 0.666666666666667 0.025974025974026 0.375 0.25
0 0.36 0.815789473684211 0.666666666666667 0.025974025974026 0.375 0.25
0 0.4 0.763157894736842 0.56140350877193 0.0649350649350649 1 0.125
0 0.44 0.763157894736842 0.421052631578947 0.532467532467533 0.166666666666667 0.125
0 0.36 0.763157894736842 0.578947368421053 0.012987012987013 0.375 0.125
0 0.44 0.763157894736842 0.421052631578947 0.532467532467533 0.166666666666667 0.125
0 0.36 0.763157894736842 0.578947368421053 0.012987012987013 0.375 0.125
0 0.36 0.763157894736842 0.578947368421053 0.012987012987013 0.375 0.125
0 0.4 0.763157894736842 0.754385964912281 0.25974025974026 1 0.125
0 0.44 0.763157894736842 0.614035087719298 0.532467532467533 0.0833333333333333 0.125
0 0.44 0.736842105263158 0.543859649122807 0.12987012987013 0.958333333333333 0.125
0 0.44 0.763157894736842 0.614035087719298 0.532467532467533 0.0833333333333333 0.125
0 0.44 0.736842105263158 0.543859649122807 0.12987012987013 0.958333333333333 0.125
0 0.44 0.736842105263158 0.543859649122807 0.12987012987013 0.958333333333333 0.125
0 0.32 0.921052631578947 0.385964912280702 0.0649350649350649 0.583333333333333 0.125
0 0.36 0.763157894736842 0.192982456140351 0.532467532467533 0.166666666666667 0.125
0 0.36 0.894736842105263 0.192982456140351 0.168831168831169 1 0.125
0 0.36 0.763157894736842 0.192982456140351 0.532467532467533 0.166666666666667 0.125
0 0.36 0.894736842105263 0.192982456140351 0.168831168831169 1 0.125
0 0.36 0.894736842105263 0.192982456140351 0.168831168831169 1 0.125
0 0 0.894736842105263 0.894736842105263 0 0.375 0
0 0.24 0.763157894736842 0.280701754385965 0.532467532467533 0.0416666666666667 0
0 0.24 0.763157894736842 0.280701754385965 0.532467532467533 0.0416666666666667 0
0 0.04 0.947368421052632 0.894736842105263 0.0779220779220779 0.583333333333333 0
0 0.28 0.763157894736842 0.315789473684211 0.532467532467533 0.0416666666666667 0
0 0.12 0.947368421052632 0.894736842105263 0 0.375 0
0 0.28 0.763157894736842 0.315789473684211 0.532467532467533 0.0416666666666667 0
0 0.12 0.947368421052632 0.894736842105263 0 0.375 0
0 0.12 0.947368421052632 0.894736842105263 0 0.375 0
0.0204081632653061 0.36 0.868421052631579 0.929824561403509 0.116883116883117 0.583333333333333 0.5
0 0.36 0.763157894736842 0.87719298245614 0.532467532467533 0.0416666666666667 0.5
0.0326530612244898 0.36 0.868421052631579 0.912280701754386 0 0.375 0.5
0 0.36 0.763157894736842 0.87719298245614 0.532467532467533 0.0416666666666667 0.5
0.0326530612244898 0.36 0.868421052631579 0.912280701754386 0 0.375 0.5
0.0326530612244898 0.36 0.868421052631579 0.912280701754386 0 0.375 0.5
0 0.52 0.842105263157895 0.491228070175439 0.207792207792208 1 0.125
0 0.48 0.763157894736842 0.508771929824561 0.532467532467533 0.0416666666666667 0.25
0 0.48 0.842105263157895 0.56140350877193 0.103896103896104 1 0.25
0 0.48 0.842105263157895 0.56140350877193 0.103896103896104 1 0.25
0 0.48 0.842105263157895 0.56140350877193 0.103896103896104 1 0.25
0 0.24 0.763157894736842 0.403508771929825 0.532467532467533 0.166666666666667 0
0 0.24 0.763157894736842 0.403508771929825 0.532467532467533 0.166666666666667 0
0 0.08 0.973684210526316 0.859649122807018 0 0.375 0.125
0 0.32 0.763157894736842 0.473684210526316 0.532467532467533 0.0416666666666667 0.125
0 0.16 0.947368421052632 0.912280701754386 0 0.375 0.125
0 0.32 0.763157894736842 0.473684210526316 0.532467532467533 0.0416666666666667 0.125
0 0.16 0.947368421052632 0.912280701754386 0 0.375 0.125
0 0.16 0.947368421052632 0.912280701754386 0 0.375 0.125
0 0.16 0.815789473684211 0.912280701754386 0.12987012987013 0.583333333333333 0.125
0 0.32 0.763157894736842 0.578947368421053 0.532467532467533 0.0416666666666667 0.125
0 0.2 0.815789473684211 0.859649122807018 0.025974025974026 0.375 0.125
0 0.32 0.763157894736842 0.578947368421053 0.532467532467533 0.0416666666666667 0.125
0 0.2 0.815789473684211 0.859649122807018 0.025974025974026 0.375 0.125
0 0.2 0.815789473684211 0.859649122807018 0.025974025974026 0.375 0.125
0 0.24 0.736842105263158 0.929824561403509 0.220779220779221 0.541666666666667 0
0 0.4 0.763157894736842 0.771929824561403 0.532467532467533 0.541666666666667 0.125
0 0.32 0.763157894736842 0.859649122807018 0.051948051948052 0.541666666666667 0
0 0.4 0.763157894736842 0.771929824561403 0.532467532467533 0.541666666666667 0.125
0 0.32 0.763157894736842 0.859649122807018 0.051948051948052 0.541666666666667 0
0 0.32 0.763157894736842 0.859649122807018 0.051948051948052 0.541666666666667 0
0 0.32 0.736842105263158 0.964912280701754 0 0.375 0.125
0 0.52 0.763157894736842 0.929824561403509 0.532467532467533 0.541666666666667 0
0 0.4 0.736842105263158 0.947368421052632 0.012987012987013 0.375 0.125
0 0.52 0.763157894736842 0.929824561403509 0.532467532467533 0.541666666666667 0
0 0.4 0.736842105263158 0.947368421052632 0.012987012987013 0.375 0.125
0 0.4 0.736842105263158 0.947368421052632 0.012987012987013 0.375 0.125
0 0.52 0.763157894736842 0.929824561403509 0.233766233766234 0.583333333333333 0.25
0 0.52 0.763157894736842 0.87719298245614 0.532467532467533 0.125 0.125
0 0.52 0.763157894736842 0.947368421052632 0.051948051948052 0.583333333333333 0.125
0 0.52 0.763157894736842 0.87719298245614 0.532467532467533 0.125 0.125
0 0.52 0.763157894736842 0.947368421052632 0.051948051948052 0.583333333333333 0.125
0 0.52 0.763157894736842 0.947368421052632 0.051948051948052 0.583333333333333 0.125
0 0.56 0.631578947368421 0.964912280701754 0.194805194805195 0.541666666666667 0.25
0 0.6 0.763157894736842 0.912280701754386 0.532467532467533 0.541666666666667 0.125
0 0.6 0.631578947368421 0.929824561403509 0.103896103896104 0.541666666666667 0.25
0 0.6 0.631578947368421 0.929824561403509 0.103896103896104 0.541666666666667 0.25
0 0.6 0.631578947368421 0.929824561403509 0.103896103896104 0.541666666666667 0.25
0 0.44 0.763157894736842 0.578947368421053 0.532467532467533 0.0416666666666667 0.5
0 0.44 0.763157894736842 0.578947368421053 0.532467532467533 0.0416666666666667 0.5
0 0.32 0.684210526315789 0.631578947368421 0.051948051948052 1 0.25
0 0.36 0.763157894736842 0.543859649122807 0.532467532467533 0.0416666666666667 0.25
0 0.36 0.684210526315789 0.526315789473684 0.142857142857143 1 0.25
0 0.36 0.763157894736842 0.543859649122807 0.532467532467533 0.0416666666666667 0.25
0 0.36 0.684210526315789 0.526315789473684 0.142857142857143 1 0.25
0 0.36 0.684210526315789 0.526315789473684 0.142857142857143 1 0.25
0 0.32 0.763157894736842 0.614035087719298 0.532467532467533 0.166666666666667 0
0 0.2 0.763157894736842 0.894736842105263 0 0.375 0.125
0 0.32 0.763157894736842 0.614035087719298 0.532467532467533 0.166666666666667 0
0 0.2 0.763157894736842 0.894736842105263 0 0.375 0.125
0 0.2 0.763157894736842 0.894736842105263 0 0.375 0.125
0 0.44 0.631578947368421 0.929824561403509 0.298701298701299 0.958333333333333 0.5
0 0.48 0.605263157894737 0.859649122807018 0.233766233766234 0.958333333333333 0.5
0 0.48 0.605263157894737 0.859649122807018 0.233766233766234 0.958333333333333 0.5
0 0.48 0.605263157894737 0.859649122807018 0.233766233766234 0.958333333333333 0.5
0 0.32 0.736842105263158 0.842105263157895 0.103896103896104 0.583333333333333 0.5
0 0.4 0.763157894736842 0.684210526315789 0.532467532467533 0.583333333333333 0.125
0 0.36 0.736842105263158 0.754385964912281 0.038961038961039 0.583333333333333 0.5
0 0.4 0.763157894736842 0.684210526315789 0.532467532467533 0.583333333333333 0.125
0 0.36 0.736842105263158 0.754385964912281 0.038961038961039 0.583333333333333 0.5
0 0.36 0.736842105263158 0.754385964912281 0.038961038961039 0.583333333333333 0.5
0.0571428571428571 0.52 0.526315789473684 0.947368421052632 0.181818181818182 0.958333333333333 0.5
0 0.56 0.763157894736842 0.929824561403509 0.532467532467533 0.0833333333333333 0.5
0.13469387755102 0.56 0.526315789473684 0.894736842105263 0.142857142857143 0.958333333333333 0.5
0.13469387755102 0.56 0.526315789473684 0.894736842105263 0.142857142857143 0.958333333333333 0.5
0.13469387755102 0.56 0.526315789473684 0.894736842105263 0.142857142857143 0.958333333333333 0.5
