0.418756750270011 0.40193198005698 0.0514272321921258 0.178573673934874 0.52778770425993 0.516134106188329 0.0664747186085842 0 0.0292522017384145 0 0 0.143065633707776 0.614449694293713 0.324786324786324 0.403829310976102 0.359083858955955 0 1 0.968553459119497
0.258432406261768 0.236629948914432 0.044407215257419 0.0301009084886984 0.10151507901542 0.493039816828744 0.0296061950323858 0 0.0171876010019663 0 0 0.146028546266109 0.437073453699627 0.333333333333333 0.180740127090378 0.320667573449694 1 1 0.985815602836879





0.297061882475299 0.276909722222222 0.0536070272899839 0 0.257009772299391 0.544358353947854 0.0360567604196711 0 0.00910376310769897 0 0 0.119821026164022 0.501285716359891 0.333333333333333 0.265986940124379 0.339847429662534 7 2 0.975999999999999
0.115849078407581 0.103094993141289 0.00883372029389003 0 0.115411727274931 0.311716775453959 0.0253081767768085 0 0.00942771942530812 0 0 0.0740661065497034 0.271411246598488 0.329218106995884 0.214000614365422 0.350019585315101 8 2 0.979381443298969
0.292400267439269 0.274112654320988 0.0427667395489767 0.0913889084655812 0.238273030782997 0.535764855246202 0.0210227632702303 0 0.0531804246344426 0 0 0.0993965027120884 0.500480379220554 0.333333333333333 0.275189776488245 0.354133706971162 9 2 0.978260869565218





0.323856219554905 0.302083333333333 0.04085997596472 0.0347965562586301 0.389651736279852 0.526488873258134 0.0257680094953659 0 0.0501958174702742 0 0 0.0969454828649039 0.527197171397497 0.328798185941042 0.370929323711753 0.369049248047935 15 3 0.986754966887417






0.034183720289988 0.0292982933914306 0.0366404628758523 0 0.0244150511373837 0.154475559891042 0.0277172563650557 0 0.00219686664345345 0 0 0.0506786104543762 0.136106300210196 0.363834422657951 0.180512252109242 0.373884047407095 22 4 1
0.0550107718594458 0.0470679012345679 0.157145453779985 0 0.0410253588285175 0.206013034643897 0.0596747775132792 0 0.105874143124942 0 0 0.027657980357776 0.218843782105383 0.312169312169312 0.33043650390721 0.466507561408651 23 4 0.990654205607477
0.10136189231353 0.0900588088088088 0.013824077718746 0 0.133111052604446 0.275954936871054 0.0430127562457928 0 0.0445772193113922 0 0 0.0558769482615885 0.25478954102141 0.33033033033033 0.273524953973422 0.380652923398119 24 4 1
0.23768150726029 0.220655270655271 0.0112104096952341 0.00826261382475531 0.266182198804848 0.430798895177003 0.0217383680693475 0 0.0240332485087893 0 0 0.0999669960625108 0.410900464656629 0.331623931623931 0.31231070041265 0.363801174930068 25 4 1
0.38930439570524 0.367204520697168 0.108097410461731 0.184368891543481 0.365950722364287 0.537713978237533 0.0393727591798715 0 0.0198518716452753 0 0 0.173060253465697 0.604685015112366 0.333333333333333 0.329388053221571 0.350183783500722 26 4 1
0.372182473505837 0.360871647509579 0.0257235548482132 0.410555592089311 0.342066859484915 0.535845858814873 0.0258246124655874 0 0.0426862975820682 0 0 0.121647509578544 0.595589699734078 0.333333333333333 0.319991757817795 0.365550578286751 27 4 1
0.583741921105416 0.567542989417989 0.0967556153538397 0.365350166249946 0.488900167140596 0.613870687162597 0.122706737536335 0 0.102574431037184 0 0 0.203844771568231 0.763415755639331 0.333333333333333 0.366674628971151 0.359809358655482 28 4 0.987012987012987
0.0527561102444098 0.0455246913580247 0.017704754291321 0 0.0655420864795125 0.202059543343245 0.021086052418567 0 0.00711387331046482 0 0 0.021449571546377 0.161241784215148 0.333333333333332 0.150570121170778 0.400034280795961 29 5 1
0.058388189186104 0.0518574977416441 0.0416424719176277 0 0.021606011867482 0.187561769921428 0.0321064120011228 0 0.0879935329171822 0 0 0.0308531936023888 0.165123231111404 0.333333333333333 0.108076235484194 0.388307320964819 30 5 1
0.199254636852141 0.185699588477366 0.114169344606268 0.0327156721336869 0.117818490965011 0.365342139350768 0.0702194737605648 0 0.246855866375005 0 0 0.123111641394122 0.412232836546288 0.329218106995884 0.30287800370239 0.391953450794918 31 5 1
0.222879646893193 0.206329042457091 0.0948379929934331 0.00231275493866925 0.252076967823369 0.426844250514119 0.0394222824635369 0 0.0324524696542459 0 0 0.0486700112779336 0.405211592297903 0.322493224932249 0.29610014221752 0.405816556300993 32 5 1
0.191512104928642 0.176654663923182 0.203238703977233 0.034142900659604 0.204958737633365 0.347988306561449 0.0328452539587531 0 0.0308376453085968 0 0 0.0878862755408954 0.39006265431462 0.329218106995884 0.265796113272167 0.410080202876817 33 5 1
0.120964838593544 0.107638888888889 0.288637160530177 0 0.092448670170705 0.334597461034231 0.0437161344437979 0 0.0165949357772694 0 0 0.0601206022712961 0.349986588813007 0.333333333333333 0.19180385320756 0.392831285631682 34 5 1
0.203944244726311 0.186569041867955 0.101077306271661 0.00961118280423593 0.346494032642847 0.364756565774717 0.033899216969794 0 0.0259306781453433 0 0 0.061457997203399 0.399083434328393 0.32367149758454 0.407032676202582 0.394986614737544 35 5 1
0.382449297971919 0.369618055555556 0.115185108714642 0.128609980045799 0.378432564636869 0.496092715369687 0.0843749127752812 0 0.196504772053733 0 0 0.173006376011378 0.610182598469062 0.327777777777777 0.386689610731549 0.350407563126179 36 5 1
0.415554399953776 0.401148834019204 0.0563844766365824 0.342392764236356 0.377375630632419 0.517939954597154 0.0387706767811159 0 0.00802789394975204 0 0 0.18409463028695 0.613993179016804 0.333333333333333 0.342456392863249 0.34490511798703 37 5 1
0.0594383775351014 0.0509722222222222 0.152466263255139 0.00914417830661728 0.0636790688392514 0.207783876529431 0.0304950642439128 0 0.0302076057280202 0 0 0.0134645584597182 0.202991451227984 0.333333333333333 0.229499198132636 0.46613011008108 38 6 0.98936170212766
0.134460045068469 0.121990740740741 0.0590666711372522 0 0.0906322369856084 0.373085302008516 0.0415287870000796 0 0.00530038053703862 0 0 0.0419088462095167 0.304521090715409 0.323456790123456 0.248150835160258 0.374107570710461 39 6 0.962499999999999










