0.0994978157024456 0.412820471938776 0.0120091896407686 0.0126488095238095 0.0493341404358354 0.0153061224489796 0.0889567669172932 0.0567870826491516 0.111894319131161 0.0574074074074074 0.135504201680672 0.0390963203463203 0.013655462184874 0.10875402792696 0.0891950688905004 0.0566520467836258 0.101591760299625 0.0437264348554671 0.0469156940291309 0.00297619047619048 0.0934803451581975 0.0286281179138322 0.283622050269201 0 1 0.968553459119498
0.106518913237884 0.551929723502304 0.026787398604037 0.0165770609318997 0.0967741935483871 0.0460829493087558 0.110780984719864 0.0784410662052486 0.139219015280136 0.0965352449223418 0.173624288425047 0.0349462365591398 0.0356314568838288 0.125030317729808 0.0876043884067464 0.0501792114695341 0.0885586565180621 0.0255415760098382 0.0228049922676483 0.010752688172043 0.102186620480624 0.0704557091653866 0.280841990329845 1 1 0.985815602836879





0.191753199326792 0.626388888888889 0.0133203378817414 0.0277777777777778 0.103578154425612 0.174603174603175 0.204093567251462 0.212076060735065 0.239603638726446 0.101234567901235 0.27859477124183 0.0972222222222223 0.0217864923747276 0.174603174603175 0.180767061477721 0.0769980506822612 0.12962962962963 0.0459433040078202 0.0371745817390652 0.0277777777777778 0.130872483221477 0.15978835978836 0.257409508638078 7 2 0.976
0.0442179908545299 0.314202008928571 0.0104166666666667 0.00390625 0.0471398305084746 0.147321428571429 0.0496710526315789 0.0452985312899107 0.0627741228070175 0.0243055555555555 0.0923713235294118 0.0125473484848485 0.0122549019607843 0.0261983082706767 0.0341053299492386 0.0202850877192982 0.0221207865168539 0.00751466275659825 0.0107191087103309 0 0.0421560402684564 0.0250992063492063 0.270177787464361 8 2 0.979381443298969
0.238698741512353 0.64365763546798 0.0461786650534382 0.0555555555555556 0.175336060783168 0.0837438423645321 0.207985480943739 0.130356277799797 0.279794313369631 0.13154533844189 0.296653144016227 0.147074190177638 0.0443993689429795 0.294529427015815 0.257833012427796 0.145795523290986 0.233888673640708 0.0954596015775103 0.0879415120258912 0.0402298850574712 0.156908123119648 0.116475095785441 0.27421938371826 9 2 0.978260869565218





0.265669312111153 0.707967032967033 0.0229419703103914 0.0208333333333333 0.0919165580182528 0.032967032967033 0.266295546558704 0.170645446507515 0.336707152496626 0.136182336182336 0.344457013574661 0.106643356643357 0.0359477124183006 0.305378831694621 0.23799297149551 0.188034188034188 0.239988475943532 0.141664786826077 0.105464083519452 0.00641025641025642 0.120805369127517 0.07997557997558 0.277567465462628 15 3 0.986754966887417






0.0069587988594748 0.0956187707641196 0.00149598803209574 0.000968992248062016 0.00551832873472605 0.00996677740863788 0.00403916768665851 0.00519765956814874 0.00441996464028287 0.00482342807924203 0.0157318741450068 0.00158562367864694 0.00805593555251559 0.00393425424025179 0.00956203517884548 0.00550795593635251 0.00209041024301019 0.00177317056536862 0.00270087778528022 0.00775193798449612 0.0195099110348057 0.00369139904023625 0.335382118707056 22 4 1
0.0095281460562582 0.133202179176755 0.00203191594806225 0.000470809792843692 0.00861821315713875 0 0.00789473684210527 0.00727319955841288 0.0071364852809991 0.00464532328939109 0.0261714855433699 0.00154083204930663 0.00188323917137476 0.00420542882630304 0.0121311193323583 0.00614530676974923 0.00177743921792674 0.000745563894825786 0.00509275684088854 0 0.0235468092367194 0.00532687651331719 0.280228269922117 23 4 0.990654205607477
0.062134968965492 0.460828754578755 0.0114709851551957 0.0174501424501425 0.0712733594089526 0.010989010989011 0.0708502024291498 0.0406719717064545 0.0726495726495727 0.043684710351377 0.117269984917044 0.0277777777777778 0.0132394838277191 0.0623674571042992 0.0486789014707797 0.0352376668166142 0.0415826370882551 0.0164674035641778 0.0193562907945082 0.00427350427350428 0.0628119084494923 0.0405372405372405 0.304012812736698 24 4 1
0.16536999989415 0.537830687830688 0.0198180636777128 0.0447530864197531 0.096045197740113 0.0634920634920636 0.173976608187134 0.124497422070858 0.221680745072558 0.0930041152263374 0.252178649237473 0.11672278338945 0.037763253449528 0.167780562517405 0.164692611393119 0.0823045267489712 0.147454570675544 0.0477897252090801 0.0315602570835521 0.0493827160493827 0.188416604523987 0.118165784832451 0.305934775117785 25 4 1
0.16916833380966 0.603535714285714 0.036140350877193 0.03 0.113220338983051 0.0857142857142857 0.181684210526316 0.0934865900383142 0.230292397660819 0.129185185185185 0.257058823529412 0.105151515151515 0.0590849673202614 0.213383458646617 0.175837563451777 0.108070175438596 0.15940074906367 0.0550146627565982 0.0359486833220797 0.26 0.136644295302013 0.0871111111111111 0.295936467034188 26 4 1
0.216765229626047 0.714498626373626 0.104138551506973 0.0758547008547009 0.139504563233377 0.032967032967033 0.189271255060729 0.134885548678652 0.237966711650922 0.113390313390314 0.278280542986425 0.104312354312354 0.0226244343891403 0.266338924233661 0.236626317844592 0.109086819613135 0.281763180639585 0.064516129032258 0.0708461019061964 0.0384615384615385 0.124935467217346 0.0754578754578754 0.28519404988934 27 4 1
0.195828348051017 0.549839588377724 0.011745465358311 0.0110640301318267 0.0353346739442689 0.0121065375302664 0.195718108831401 0.118903824923696 0.229755178907721 0.0951663527934714 0.269192422731805 0.0970724191063174 0.0261437908496732 0.210717471645215 0.186698786888067 0.105857865001487 0.177934361708881 0.0932451911128784 0.091188958445393 0 0.137527016266636 0.0676889965025558 0.274253979242652 28 4 0.987012987012988
0.0186379781978525 0.185969387755102 0.00396825396825396 0.00595238095238095 0.0278450363196126 0.0102040816326531 0.0169799498746867 0.0187617831295992 0.0188666109718741 0.00987654320987654 0.0378151260504202 0.00396825396825398 0.00202303143479614 0.0113677049767275 0.0161953106115543 0.00619604566972988 0.00374531835205993 0.0029325513196481 0.00837593646506543 0 0.0349952061361457 0.00770975056689342 0.283227571027024 29 5 1
0.0202182308498399 0.248779761904762 0.00502324186534713 0.00641025641025641 0.0191221208170361 0.00732600732600733 0.017004048582996 0.0111667812817238 0.0221922327185485 0.01329534662868 0.0395927601809955 0.00932400932400933 0.00888218535277359 0.0149411991517255 0.0219966159052454 0.0100464837306943 0.00825890713531163 0.00315813219039026 0.00858740629166017 0.094017094017094 0.048184477714679 0.0096052096052096 0.294830927607613 30 5 1
0.0846124102684801 0.360714285714286 0.00481596147230822 0.00285947712418301 0.0154536390827517 0 0.0862229102167183 0.0445496206145293 0.0883212934296526 0.0433551198257081 0.102076124567474 0.0755347593582888 0.026720492118416 0.101393188854489 0.0755449387876979 0.0706914344685243 0.0807446574135272 0.0333793341383474 0.0277038566946022 0.284313725490196 0.0951440979076194 0.0435107376283847 0.325990256676216 31 5 1
0.0345398224377472 0.183957373271889 0.0069798151292209 0.00873655913978495 0.0338983050847457 0.011520737327189 0.0333191850594228 0.0340501792114696 0.044708545557442 0.02389486260454 0.0716318785578748 0.0142961876832845 0.00938224752266497 0.0321974290565122 0.0289831341084002 0.0181569515185814 0.0234988522411502 0.00983823668527102 0.00710069482259154 0.0161290322580645 0.0373457458324313 0.0140809011776754 0.418005871796749 32 5 1
0.153099298212188 0.498363095238095 0.00885315139701104 0.0135030864197531 0.0451977401129943 0.0634920634920635 0.14766081871345 0.101319710515113 0.191601689408707 0.0927983539094651 0.23937908496732 0.0843855218855219 0.0288671023965141 0.182330827067669 0.146785109983079 0.1022579597141 0.166042446941323 0.0519713261648746 0.050979068197164 0.00462962962962964 0.110924683072334 0.0563492063492063 0.298781906149035 33 5 1
0.0238353815375822 0.272933673469388 0.00401002506265664 0.0134920634920635 0.0319612590799031 0.0204081632653061 0.0207518796992481 0.0160919540229885 0.0259816207184628 0.0156613756613757 0.0428571428571429 0.00822510822510823 0.00466853408029879 0.0215896885069817 0.0182741116751269 0.0117794486215539 0.0131621187800963 0.00527859237536658 0.010707051220218 0.0142857142857143 0.0456375838926174 0.00761904761904762 0.305137459954313 34 5 1
0.13861103172335 0.595142857142857 0.0204678362573099 0.0205555555555556 0.095593220338983 0.0971428571428572 0.138842105263158 0.0848531289910601 0.217894736842105 0.103703703703704 0.272941176470588 0.0627272727272727 0.0141176470588235 0.170676691729323 0.141319796954315 0.0926315789473685 0.135580524344569 0.0410557184750733 0.0313841998649561 0.0666666666666667 0.108456375838926 0.0518095238095238 0.296803453371597 35 5 1
0.161450890730685 0.648080357142857 0.0224171539961013 0.0247685185185185 0.138135593220339 0.0666666666666667 0.17969298245614 0.115304384844615 0.23396686159844 0.097037037037037 0.290686274509804 0.0795454545454546 0.019281045751634 0.207644110275689 0.14746192893401 0.0804093567251462 0.174406991260924 0.0493646138807429 0.0321629529597119 0.0166666666666667 0.105592841163311 0.0771428571428571 0.278735347700257 36 5 1
0.351929122606459 0.814821428571429 0.0294346978557505 0.0185185185185185 0.0745762711864406 0.0666666666666667 0.301578947368421 0.205108556832695 0.395126705653021 0.201975308641975 0.476470588235294 0.166161616161616 0.0483660130718954 0.438095238095238 0.413874788494078 0.317543859649123 0.364044943820225 0.132160312805474 0.142786405581814 0.0222222222222222 0.171812080536913 0.0973544973544974 0.299813026218529 37 5 1
0.00887350302851506 0.142425115207373 0.00198075834748161 0.000672043010752689 0.00546746856205577 0.00230414746543779 0.00488115449915111 0.00430519507271454 0.00655536691190341 0.0101553166069295 0.0227703984819735 0.00281036168132943 0.00379506641366224 0.00521464952704341 0.0171933846405764 0.00504621769477457 0.00296000966533768 0.00151357487465708 0.00431269194746357 0 0.0256549036588006 0.00517153097798259 0.323716045534623 38 6 0.98936170212766
0.0148924537445481 0.180628881987578 0.0066742944317315 0.0138888888888889 0.0368459837877671 0.015527950310559 0.0103546910755149 0.00794047420734076 0.0132214594457157 0.0117552334943639 0.0230179028132992 0.00510540184453228 0.00610969025291276 0.0129944426283099 0.0156698300595895 0.0068649885583524 0.00594365738479075 0.00274129797271453 0.00526964741801955 0 0.0404143565800992 0.00910973084886128 0.440815098758462 39 6 0.962499999999999










