0 0.469858156028369 0.630496453900709 0.190511127415016 0.249194068343004 0.259308510638298 0.00580270793036751 0 1 0.968553459119496
0 0.560329861111111 0.570833333333334 0.381465517241379 0.280145202020202 0.634765625 0.0852272727272728 1 1 0.98581560283688
0 0.431763285024155 0.674396135265701 0.126686656671664 0.296881862099253 0.5 0.00197628458498024 2 1 1
0 0.609848484848485 0.508585858585858 0.179205851619645 0.364784205693296 0.757575757575758 0 3 1 1
0 0.607371794871795 0.447008547008547 0.292440318302388 0.356643356643356 0.553685897435898 0.00874125874125875 4 1 0.991150442477876
0 0.454022988505747 0.688122605363985 0.166864843440349 0.197666318355973 0.224856321839081 0.00783699059561129 5 1 1
0 0.331320450885668 0.778421900161031 0.262202232217225 0.308446786707657 0.592995169082126 0 6 1 1
0 0.503367003367003 0.610774410774411 0.442528735632184 0.157177838996021 0.539141414141413 0.0468319559228651 7 2 0.975999999999999
0 0.655737704918033 0.501639344262295 0.356887130205389 0.214770657393608 0.646857923497268 0.0536512667660209 8 2 0.979381443298969
0 0.582199546485261 0.553741496598639 0.38494018296974 0.178107606679035 0.448979591836735 0.0500927643784787 9 2 0.978260869565218
0 0.617521367521368 0.48062678062678 0.633952254641909 0.153716653716654 0.394230769230769 0.168997668997669 10 2 1
0 0.545910493827161 0.569753086419753 0.591475095785441 0.181677890011223 0.328125 0.141414141414142 11 2 0.976190476190476
0 0.633888888888889 0.458666666666666 0.486206896551724 0.176565656565657 0.466666666666667 0.0309090909090909 12 2 0.981818181818182
0 0.536549707602339 0.473684210526316 0.542246420649325 0.164628743576112 0.319444444444445 0.0382775119617225 13 2 1
0 0.644097222222222 0.39537037037037 0.500718390804598 0.0930134680134679 0.4296875 0.0132575757575758 14 2 1
0 0.437114197530864 0.609876543209877 0.641762452107279 0.171156004489338 0.282407407407408 0.0328282828282828 15 3 0.986754966887417
0 0.612938596491229 0.495906432748538 0.474289171203871 0.136363636363636 0.656798245614034 0.0574162679425838 16 3 1
0 0.527777777777778 0.608130081300813 0.543874404261284 0.223207686622321 0.560975609756097 0.366962305986697 17 3 0.978417266187051
0 0.697278911564626 0.463492063492064 0.551489561341778 0.240981240981241 0.571428571428572 0.161410018552876 18 3 1
0 0.512345679012345 0.558436213991769 0.641123882503193 0.142162364384587 0.330246913580247 0.0925925925925927 19 3 1
0 0.566468253968254 0.50515873015873 0.73768472906404 0.133477633477633 0.490327380952381 0.232142857142857 20 3 1
0 0.515491452991453 0.563675213675213 0.495579133510168 0.182789432789433 0.485576923076923 0.0506993006993007 21 3 1
0 0.630787037037037 0.476851851851852 0.745689655172414 0.152777777777778 0.506944444444444 0.185606060606061 22 4 1
0 0.605191256830601 0.512568306010928 0.691162615413605 0.159629077661865 0.46584699453552 0.0387481371087929 23 4 0.990654205607477
0 0.472934472934473 0.603418803418803 0.703212496315945 0.148407148407148 0.422008547008547 0.0233100233100233 24 4 1
0 0.515151515151515 0.576767676767676 0.712904911180773 0.163223140495868 0.537878787878788 0.078512396694215 25 4 1
0 0.259259259259259 0.721885521885522 0.597004528039011 0.0951943679216406 0.502525252525252 0.0881542699724519 26 4 1
0 0.568783068783069 0.466666666666667 0.816091954022989 0.121212121212121 0.412698412698413 0.025974025974026 27 4 1
0 0.540032679738562 0.550980392156862 0.742393509127789 0.180035650623886 0.405637254901961 0.0561497326203209 28 4 0.987012987012988
0 0.470125786163522 0.615513626834381 0.723921058338755 0.132837812083095 0.414308176100629 0.097770154373928 29 5 1
0 0.551169590643275 0.506432748538012 0.70659407138536 0.144603934077618 0.480263157894737 0.0717703349282297 30 5 1
0 0.482384823848239 0.526287262872629 0.661340061676479 0.164326188716432 0.431910569105691 0.0820399113082041 31 5 1
0 0.573671497584541 0.479227053140097 0.736631684157921 0.184453227931489 0.478260869565217 0.122529644268775 32 5 1
0 0.594444444444444 0.490793650793651 0.670935960591133 0.145165945165945 0.582142857142858 0.0025974025974026 33 5 1
0 0.333333333333333 0.411111111111111 0.919540229885057 0.227272727272727 0.166666666666667 0 34 5 1
0 0.453703703703703 0.474074074074074 0.694763729246488 0.0920314253647586 0.839506172839506 0.0673400673400674 35 5 1
0 0.683723196881092 0.400779727095516 0.747328090340794 0.133794081162502 0.433479532163743 0.127591706539075 36 5 1
0 0.506666666666667 0.507555555555555 0.80183908045977 0.173737373737374 0.59 0.149090909090909 37 5 1
0 0.472222222222222 0.575845410628019 0.714142928535732 0.164909969257795 0.305253623188406 0.104743083003953 38 6 0.98936170212766
0 0.568121693121693 0.476190476190476 0.720580186097428 0.171957671957672 0.192460317460318 0.0606060606060607 39 6 0.962499999999999
0 0.501792114695341 0.563440860215054 0.757693733778272 0.125122189638319 0.279569892473118 0.137829912023461 40 6 0.982608695652175









