0.205675841062454 0.18942936868685 0.211609868312645 0.165194182643476 0.133452796330097 0.131861804222649 0.270744762196054 0.071345029239766 0.033710407239819 0.0589609343536045 0.0525103638876094 0 1 0.968553459119498
0.241897388217789 0.226153213054507 0.22424971379801 0.17440213476992 0.16022531164466 0.14503826308049 0.267640907799954 0.22184248500038 0.0998854087089381 0.0333174678724417 0.0342950462710942 1 1 0.985815602836879
0.185093687322122 0.172466502110561 0.208636372399988 0.147629428276807 0.232921735079081 0.211654009847284 0.255769729449391 0.106915840325451 0.0242966751918159 0.0874117914864557 0.0765425670398334 2 1 1
0.248066866287001 0.222721173628055 0.213128651230536 0.163361642250292 0.074381125207912 0.0619096006924843 0.194675086734495 0.172915950005733 0.122837370242215 0.024124833179345 0.0170247739814489 3 1 1
0.189444159834312 0.174193718656406 0.204578202791949 0.149560186004583 0.267951417057058 0.184670085900381 0.354170061597627 0.116575591985428 0.017357762777242 0.0649729636941035 0.0788259546480809 4 1 0.991150442477876
0.146297672606214 0.128299062457312 0.15125526802183 0.0992806995194728 0.193723780570167 0.093259568702721 0.239796515027482 0.134674922600619 0.00562283737024221 0.025408068986757 0.0292356463543501 5 1 1
0.225704704639009 0.184035399128815 0.225923339222619 0.170874939313772 0.0527086062461616 0.0604170301867039 0.185071389842762 0.100611376927166 0.0200534759358289 0.0274869109947644 0.0336145890038105 6 1 1
0.236763644440784 0.202335662669582 0.222477102942383 0.176689655653243 0.114032391162232 0.0911382933732392 0.209657310375038 0.112003171771236 0.00997008973080758 0.0351406513443961 0.0351162082614432 7 2 0.975999999999999
0.213308830890043 0.203489469656825 0.207857128567536 0.164532904116029 0.0651269592998103 0.0631531243335466 0.146841175171195 0.078622482131254 0.0535130718954248 0.0261780104712042 0.0282767797737857 8 2 0.979381443298969
0.2199572931337 0.176841590181218 0.234939943839258 0.172275734137504 0.0995645097503535 0.115252421550685 0.30237181561792 0.0874473004215967 0.0181258549931601 0.0417630585656886 0.0431694750034814 9 2 0.978260869565218
0.170832948205391 0.139070245820179 0.175190010576611 0.127061932486403 0.0962236775718434 0.0952522778917643 0.207879161810745 0.0829468306782281 0.00321162947937796 0.0473009568514172 0.0432927248950375 10 2 1
0.219368793352189 0.21446558379453 0.199645147483417 0.155864655525353 0.177802798638766 0.101851851851852 0.263529931521979 0.201321204245181 0.0231481481481481 0.0300562342447159 0.0316034597471723 11 2 0.976190476190475
0.184100859828183 0.195101910792275 0.216823312511798 0.150927125591781 0.293799017160859 0.266762635956494 0.352783300198807 0.172514619883041 0.0281862745098039 0.103228621291448 0.0929141716566867 12 2 0.981818181818183
0.237161471814918 0.22803415981782 0.229358528393108 0.167927933532631 0.172416631782124 0.142830083846853 0.29619650517945 0.217143736534318 0.115905572755418 0.0495315513915679 0.0438071225969114 13 2 1
0.208518067266161 0.200641150973239 0.222067158577788 0.157166845965771 0.332483927046142 0.2191298784389 0.429044778945375 0.192843219159009 0.0535714285714286 0.0810271752680129 0.0822640433418876 14 2 1
0.203836327057977 0.186136980825929 0.217633562233452 0.164395321732996 0.182847340904371 0.185026361184674 0.367617082316229 0.121104448885928 0.0709233060312733 0.0720392338789846 0.0733722428560601 15 3 0.986754966887417
0.210744647143215 0.193600266411919 0.231230363860705 0.167155522696618 0.155685220312995 0.120708040093837 0.29795302260511 0.137751786874594 0.0130718954248366 0.0473143300368432 0.0475715236194278 16 3 1
0.246890280118717 0.226354916123346 0.204624238452329 0.161584279543178 0.158207676000544 0.143415159780449 0.285619615639497 0.244690674053555 0.133642930856553 0.0726554606411316 0.0648177329551423 17 3 0.978417266187051
0.194740932822353 0.156766799686786 0.193980112088706 0.154474279601161 0.0902684085938323 0.0942544287467355 0.133591891275299 0.0440993193365928 0.0122950819672131 0.0308986353102738 0.0241484244625503 18 3 1
0.190193620954234 0.190379625897907 0.180575547227164 0.136523633173647 0.138043346405173 0.122360844529751 0.260725966779965 0.234484059611394 0.0256166982922201 0.0425603783144739 0.0436546262314081 19 3 1
0.23134667813297 0.190774647514628 0.211526387775595 0.167754929062984 0.259198864077562 0.171145233525272 0.272904241219351 0.0765107212475634 0.0229779411764706 0.0383944153577662 0.0436626746506986 20 3 1
0.24917151376138 0.21613064257005 0.237731638458492 0.180391769072868 0.104197218617 0.0888462358711879 0.240512480671527 0.207147498375569 0.0588235294117647 0.0329261198371146 0.03020625415835 21 3 1
0.168490148530973 0.163744783670034 0.171865428876053 0.123807093709134 0.226418183633399 0.153934740882918 0.276341948310139 0.115555555555555 0.0529411764705882 0.0397905759162304 0.0364071856287425 22 4 1
0.203985368850005 0.200096238817268 0.205151944365691 0.153918542271493 0.169400124723821 0.152319953267128 0.302662287146685 0.214594457157386 0.0431585677749361 0.0629410425677214 0.0588388440510284 23 4 0.990654205607477
0.205058460760124 0.183105102630057 0.221867965806192 0.159584804658856 0.153200413683292 0.14260667355677 0.355635418259673 0.13663967611336 0.0192307692307692 0.0649416028997181 0.0587286964532473 24 4 1
0.21310867939516 0.182844074331457 0.237436520568959 0.172357280710733 0.126375637740409 0.133581869186476 0.356935311209665 0.12280701754386 0.0164027149321267 0.0416834474426098 0.0407646245969599 25 4 1
0.297519809674987 0.270692966721979 0.211913657976906 0.182620228198019 0.0845244434090985 0.071896992962252 0.261845593108019 0.347465886939571 0.32781862745098 0.0523560209424084 0.0494011976047904 26 4 1
0.279957836157112 0.237962047873894 0.220685292800551 0.197644059414526 0.00809836687034366 0.0180672619544355 0.0524678018843461 0.0704296974319858 0.028772378516624 0.0106988390621443 0.00442593074720124 27 4 1
0.214480759576115 0.18702973246587 0.222890994329795 0.155000647593499 0.195912567612435 0.148797036111235 0.28651347727588 0.143886848905209 0.0848153214774282 0.0480944843540728 0.049993037181451 28 4 0.987012987012988
0.180839638844961 0.159743352647079 0.210258170119258 0.153823880098818 0.202677293753536 0.172638089144807 0.31129887342611 0.0867446393762183 0.0126633986928105 0.0599185573007563 0.0543912175648702 29 5 1
0.269761137504762 0.188376666182875 0.206687177686589 0.167271174101027 0.0131503960198343 0.010346689059501 0.0469681908548708 0.0361842105263158 0.00321691176470588 0.00654450261780105 0.00673652694610779 30 5 1
0.194024203771619 0.193994673461647 0.22192910515691 0.17087795956218 0.217266242914351 0.163563659628919 0.32624254473161 0.0707602339181287 0.0299019607843138 0.0556719022687609 0.0499001996007984 31 5 1
0.179920255775143 0.17418438329726 0.217248066513505 0.152813527846254 0.322386566587705 0.249781887977665 0.362310982589313 0.114655325181641 0.00579322638146168 0.0585435506901475 0.0876428960261295 32 5 1
0.263217832133757 0.232317430030857 0.219398271904196 0.168772388510595 0.0902886396663228 0.0737763915547025 0.227882703777336 0.244395711500975 0.185661764705882 0.0237783595113438 0.0237025948103792 33 5 1

0.207527542642838 0.177431554505374 0.249079683838697 0.176449503842994 0.0486893629294375 0.0702495201535509 0.220543406229291 0.0639376218323587 0.00196078431372549 0.0268760907504363 0.0415169660678643 35 5 1
0.198595909576158 0.191489245256503 0.224151789634436 0.15866343080867 0.270818971869756 0.201364134905402 0.335416074978699 0.184001670843776 0.0123424369747899 0.0900336574420344 0.0746364414029084 36 5 1
0.201135699948847 0.22262001530707 0.214954350897102 0.152562468162188 0.249070037457338 0.189592663680955 0.260989617848465 0.228232618583496 0.0804738562091504 0.0385398487492728 0.0335994677312042 37 5 1
0.242133132143586 0.227760305265508 0.220701535836818 0.169707559251535 0.150102055531521 0.108745201535509 0.222001325381047 0.189205653021442 0.071078431372549 0.030977312390925 0.0247005988023952 38 6 0.98936170212766
0.188987635503135 0.179666461036896 0.225912994505929 0.160822975231115 0.231360707335913 0.218153348823113 0.348906560636183 0.102493074792244 0.00154798761609907 0.050151556902728 0.055783170501103 39 6 0.962499999999999
0.197943175275383 0.168672627944127 0.204380528793455 0.155744397190082 0.145216900446252 0.139608155578894 0.216774822761544 0.0816506675493765 0.0105438401775805 0.0624320853501926 0.0483561179527737 40 6 0.982608695652175









